1317402965.6403520,0.0000000,0.0000000
1317402965.7403100,0.1234268,-0.0302483
1317402965.8506100,0.2769429,-0.0700215
1317402965.9503620,0.4339805,-0.1149642
1317402966.0503321,0.6021142,-0.1696271
1317402966.1603279,0.7995898,-0.2434659
1317402966.2603400,0.9888888,-0.3260233
1317402966.3704021,1.2096846,-0.4271536
1317402966.4703691,1.4203439,-0.5301377
1317402966.5803270,1.6531089,-0.6659270
1317402966.6803000,1.8617676,-0.8147175
1317402966.7803340,2.0751221,-0.9746391
1317402966.8904450,2.3141369,-1.1677831
1317402966.9903181,2.5285454,-1.3655704
1317402967.1003201,2.7592110,-1.6086225
1317402967.2002859,2.9617854,-1.8507877
1317402967.3002789,3.1573499,-2.1166086
1317402967.4104650,3.3653866,-2.4373231
1317402967.5102830,3.5482239,-2.7531691
1317402967.6203120,3.7416204,-3.1283018
1317402967.7202590,3.9040254,-3.4973656
1317402967.8202910,4.0505973,-3.8943101
1317402967.9304321,4.1978752,-4.3610404
1317402968.0303199,4.3195129,-4.8124681
1317402968.1302819,4.4273928,-5.2883810
1317402968.2403231,4.5252920,-5.8429803
1317402968.3403001,4.5974064,-6.3723021
1317402968.4403241,4.6573498,-6.9270146
1317402968.5503299,4.7093246,-7.5646587
1317402968.6502659,4.7433641,-8.1686075
1317402968.7602870,4.7720561,-8.8583065
1317402968.8604801,4.7941820,-9.5088952
1317402968.9603181,4.8109203,-10.1808013
1317402969.0702479,4.8201748,-10.9429750
1317402969.1702781,4.8206315,-11.6571820
1317402969.2703900,4.8139045,-12.3884362
1317402969.3804190,4.7971383,-13.2121058
1317402969.4802570,4.7741909,-13.9737534
1317402969.5802369,4.7449202,-14.7444077
1317402969.6902730,4.7011470,-15.5974018
1317402969.7902429,4.6510681,-16.3770711
1317402969.9003870,4.5846097,-17.2379778
1317402970.0002520,4.5127514,-18.0238994
1317402970.1002560,4.4283850,-18.8136547
1317402970.2102189,4.3205831,-19.6849039
1317402970.3102300,4.2080681,-20.4808562
1317402970.4104691,4.0777021,-21.2776879
1317402970.5202169,3.9041305,-22.1527732
1317402970.6202779,3.7189673,-22.9454575
1317402970.7302339,3.4825984,-23.8120754
1317402970.8302300,3.2412513,-24.5946913
1317402970.9303391,2.9753453,-25.3713019
1317402971.0402479,2.6517810,-26.2158814
1317402971.1401801,2.3293340,-26.9730627
1317402971.2502899,1.9467255,-27.7949463
1317402971.3504930,1.5746210,-28.5312264
1317402971.4502470,1.1760464,-29.2578279
1317402971.5603261,0.7157961,-30.0436196
1317402971.6602349,0.2815323,-30.7421317
1317402971.7602301,-0.1663764,-31.4286061
1317402971.8703511,-0.6762513,-32.1706230
1317402971.9702411,-1.1582955,-32.8305205
1317402972.0802131,-1.7087077,-33.5378597
1317402972.1802461,-2.2221271,-34.1649412
1317402972.2802069,-2.7496256,-34.7763552
1317402972.3903849,-3.3440062,-35.4289356
1317402972.4901690,-3.8923517,-36.0067438
1317402972.5902059,-4.4423704,-36.5731571
1317402972.7001750,-5.0498817,-37.1823964
1317402972.8001909,-5.6019013,-37.7302061
1317402972.9102840,-6.2147356,-38.3296121
1317402973.0101709,-6.7854280,-38.8587810
1317402973.1102171,-7.3667870,-39.3873916
1317402973.2201960,-8.0193621,-39.9746270
1317402973.3201661,-8.6252762,-40.5135937
1317402973.4203401,-9.2433940,-41.0632219
1317402973.5301781,-9.9310743,-41.6834533
1317402973.6301470,-10.5614761,-42.2650364
1317402973.7301800,-11.1986492,-42.8613712
1317402973.8401599,-11.9067789,-43.5356187
1317402973.9401901,-12.5575708,-44.1670700
1317402974.0501659,-13.2814932,-44.8809727
1317402974.1501760,-13.9504710,-45.5421923
1317402974.2501910,-14.6293186,-46.2109739
1317402974.3604021,-15.3882553,-46.9560864
1317402974.4602499,-16.0876706,-47.6401517
1317402974.5601530,-16.7949758,-48.3327297
1317402974.6701560,-17.5796233,-49.0992367
1317402974.7702670,-18.2955597,-49.8016492
1317402974.8803329,-19.0824342,-50.5715616
1317402974.9801731,-19.7955886,-51.2692696
1317402975.0801411,-20.5069408,-51.9659360
1317402975.1901319,-21.2874842,-52.7318336
1317402975.2901211,-21.9948153,-53.4289440
1317402975.3902640,-22.6984597,-54.1257903
1317402975.5001860,-23.4686650,-54.8911638
1317402975.6001289,-24.1651643,-55.5873417
1317402975.7101431,-24.9257048,-56.3513855
1317402975.8101380,-25.6142048,-57.0440931
1317402975.9102819,-26.3021211,-57.7313115
1317402976.0201731,-27.0617522,-58.4801939
1317402976.1201050,-27.7560743,-59.1490881
1317402976.2301109,-28.5189589,-59.8804394
1317402976.3301079,-29.2127791,-60.5359273
1317402976.4302030,-29.9084511,-61.1850622
1317402976.5400951,-30.6721627,-61.8924631
1317402976.6400981,-31.3689589,-62.5282182
1317402976.7401710,-32.0671227,-63.1588168
1317402976.8501630,-32.8378689,-63.8468764
1317402976.9503081,-33.5369076,-64.4687827
1317402977.0600951,-34.3014418,-65.1472130
1317402977.1600690,-34.9942766,-65.7584824
1317402977.2600601,-35.6869680,-66.3639199
1317402977.3702941,-36.4499214,-67.0287775
1317402977.4700511,-37.1405531,-67.6280991
1317402977.5700810,-37.8289831,-68.2301258
1317402977.6800621,-38.5836255,-68.8915619
1317402977.7800710,-39.2671800,-69.4940618
1317402977.8902020,-40.0102293,-70.1586666
1317402977.9900761,-40.6836088,-70.7622474
1317402978.0901120,-41.3593358,-71.3606171
1317402978.2000611,-42.1002955,-72.0155836
1317402978.3001189,-42.7702452,-72.6137319
1317402978.4002450,-43.4372442,-73.2128131
1317402978.5101049,-44.1652317,-73.8767461
1317402978.6100609,-44.8157242,-74.4873101
1317402978.7200561,-45.5200980,-75.1707850
1317402978.8200929,-46.1540666,-75.7938690
1317402978.9204090,-46.7771257,-76.4249273
1317402979.0300291,-47.4511844,-77.1279320
1317402979.1300809,-48.0569434,-77.7711976
1317402979.2300639,-48.6511615,-78.4212055
1317402979.3400490,-49.2929370,-79.1427453
1317402979.4400909,-49.8699799,-79.8038862
1317402979.5501070,-50.4906103,-80.5434304
1317402979.6501081,-51.0469784,-81.2205045
1317402979.7500401,-51.5914688,-81.9023081
1317402979.8602080,-52.1779230,-82.6606424
1317402979.9601040,-52.7042389,-83.3550504
1317402980.0600290,-53.2285218,-84.0517144
1317402980.1699989,-53.8025349,-84.8190311
1317402980.2701840,-54.3216795,-85.5161788
1317402980.3801661,-54.8886679,-86.2864579
1317402980.4800191,-55.3979909,-86.9905459
1317402980.5800681,-55.9017768,-87.6961639
1317402980.6900420,-56.4448290,-88.4778825
1317402980.7900071,-56.9322636,-89.1910441
1317402980.8902330,-57.4182451,-89.9025170
1317402981.0000050,-57.9505123,-90.6855205
1317402981.1000090,-58.4266497,-91.4044882
1317402981.2100329,-58.9487328,-92.1970562
1317402981.3100100,-59.4183630,-92.9237238
1317402981.4100399,-59.8806278,-93.6511809
1317402981.5200090,-60.3811495,-94.4570194
1317402981.6200130,-60.8326327,-95.1911224
1317402981.7300270,-61.3230184,-96.0033169
1317402981.8300040,-61.7672508,-96.7418060
1317402981.9300449,-62.2077930,-97.4821947
1317402982.0400200,-62.6811196,-98.3025213
1317402982.1400299,-63.1032244,-99.0529997
1317402982.2400730,-63.5189741,-99.8079981
1317402982.3500700,-63.9756584,-100.6371597
1317402982.4500389,-64.3881772,-101.3928410
1317402982.5600140,-64.8375279,-102.2253956
1317402982.6599801,-65.2467780,-102.9830004
1317402982.7600060,-65.6541582,-103.7408984
1317402982.8701839,-66.0929016,-104.5778073
1317402982.9699979,-66.4835161,-105.3408449
1317402983.0699821,-66.8709036,-106.1039800
1317402983.1799710,-67.2925717,-106.9456083
1317402983.2800231,-67.6743121,-107.7115805
1317402983.3902271,-68.0981615,-108.5515543
1317402983.4899750,-68.4817586,-109.3138353
1317402983.5899670,-68.8625509,-110.0741561
1317402983.7000439,-69.2796275,-110.9048417
1317402983.7999780,-69.6563786,-111.6585896
1317402983.9001200,-70.0307110,-112.4122275
1317402984.0099521,-70.4417769,-113.2386943
1317402984.1099670,-70.8170701,-113.9868163
1317402984.2199240,-71.2260014,-114.8061033
1317402984.3199520,-71.5828537,-115.5541319
1317402984.4201770,-71.9389489,-116.2968754
1317402984.5299530,-72.3329199,-117.1086780
1317402984.6299419,-72.6905596,-117.8395994
1317402984.7399671,-73.0810146,-118.6380981
1317402984.8399291,-73.4375533,-119.3630942
1317402984.9399569,-73.7925760,-120.0799806
1317402985.0499139,-74.1773891,-120.8719737
1317402985.1499469,-74.5197432,-121.5870226
1317402985.2500269,-74.8593524,-122.2990992
1317402985.3600681,-75.2244141,-123.0789185
1317402985.4599540,-75.5482849,-123.7851156
1317402985.5599289,-75.8646348,-124.4934948
1317402985.6699159,-76.2054005,-125.2700235
1317402985.7700770,-76.5080702,-125.9755433
1317402985.8800380,-76.8258399,-126.7511205
1317402985.9800129,-77.1034619,-127.4576605
1317402986.0799489,-77.3711240,-128.1586518
1317402986.1899149,-77.6533822,-128.9299056
1317402986.2898970,-77.8916507,-129.6291105
1317402986.3900740,-78.1226626,-130.3279258
1317402986.4998741,-78.3671563,-131.0989135
1317402986.5998900,-78.5777759,-131.8037613
1317402986.7098839,-78.7920090,-132.5750475
1317402986.8099151,-78.9757536,-133.2732245
1317402986.9100239,-79.1528530,-133.9717045
1317402987.0199060,-79.3392198,-134.7421122
1317402987.1198969,-79.5127562,-135.4471966
1317402987.2298801,-79.7038332,-136.2197391
1317402987.3298860,-79.8756466,-136.9238208
1317402987.4299071,-80.0483820,-137.6254825
1317402987.5399630,-80.2446667,-138.3917884
1317402987.6399000,-80.4206332,-139.0937192
1317402987.7498901,-80.6217446,-139.8614851
1317402987.8500581,-80.8068103,-140.5576357
1317402987.9499841,-80.9947706,-141.2491662
1317402988.0598741,-81.2034903,-142.0008502
1317402988.1599159,-81.3952794,-142.6824495
1317402988.2599249,-81.5896711,-143.3581643
1317402988.3699739,-81.8070538,-144.0938247
1317402988.4698811,-82.0062957,-144.7554299
1317402988.5798540,-82.2267519,-145.4855435
1317402988.6798711,-82.4274899,-146.1435923
1317402988.7798550,-82.6214243,-146.7966172
1317402988.8899190,-82.8317994,-147.5076617
1317402988.9898629,-83.0135327,-148.1493321
1317402989.0898731,-83.1826470,-148.7889247
1317402989.1998639,-83.3516381,-149.4893106
1317402989.2998459,-83.4967100,-150.1222640
1317402989.3999491,-83.6344391,-150.7531668
1317402989.5098760,-83.7721552,-151.4438139
1317402989.6098270,-83.8834097,-152.0667854
1317402989.7198501,-83.9936746,-152.7472933
1317402989.8198819,-84.0842927,-153.3654521
1317402989.9202011,-84.1606527,-153.9719202
1317402990.0298331,-84.2306864,-154.6404481
1317402990.1298599,-84.2859014,-155.2423073
1317402990.2298419,-84.3362356,-155.8470635
1317402990.3398421,-84.3819629,-156.5095710
1317402990.4398849,-84.4076575,-157.1060302
1317402990.5498130,-84.4283723,-157.7587505
1317402990.6498439,-84.4485622,-158.3477913
1317402990.7498081,-84.4675188,-158.9385487
1317402990.8598680,-84.4810563,-159.5888135
1317402990.9598780,-84.4822673,-160.1865026
1317402991.0597861,-84.4810549,-160.7841041
1317402991.1698470,-84.4766949,-161.4452428
1317402991.2699580,-84.4741915,-162.0448494
1317402991.3799181,-84.4709649,-162.7032631
1317402991.4797890,-84.4694403,-163.3000920
1317402991.5797949,-84.4658667,-163.9002178
1317402991.6898150,-84.4579271,-164.5634630
1317402991.7898350,-84.4463759,-165.1747499
1317402991.8900261,-84.4325594,-165.7920717
1317402991.9998140,-84.4141269,-166.4737120
1317402992.0998421,-84.3955645,-167.0943342
1317402992.2097881,-84.3705466,-167.7748111
1317402992.3097899,-84.3396528,-168.3947744
1317402992.4098439,-84.2962656,-169.0174036
1317402992.5197859,-84.2433448,-169.7094466
1317402992.6197870,-84.1853363,-170.3469182
1317402992.7197869,-84.1200658,-170.9892538
1317402992.8297689,-84.0325676,-171.6929810
1317402992.9299200,-83.9476565,-172.3328653
1317402993.0397770,-83.8502113,-173.0482376
1317402993.1397750,-83.7535464,-173.7032445
1317402993.2397709,-83.6529509,-174.3702060
1317402993.3499279,-83.5444508,-175.1165053
1317402993.4497991,-83.4410122,-175.7933461
1317402993.5497561,-83.3340507,-176.4776328
1317402993.6598511,-83.2190599,-177.2461903
1317402993.7597690,-83.1213160,-177.9571940
1317402993.8699770,-83.0113192,-178.7390803
1317402993.9697771,-82.9107030,-179.4527776
1317402994.0697639,-82.8067152,-180.1666782
1317402994.1797230,-82.6912720,-180.9554675
1317402994.2797141,-82.5852161,-181.6723282
1317402994.3899519,-82.4709604,-182.4594328
1317402994.4897499,-82.3687563,-183.1741390
1317402994.5897341,-82.2691808,-183.8882357
1317402994.6997509,-82.1568269,-184.6735824
1317402994.7997310,-82.0532023,-185.3871596
1317402994.8998721,-81.9519507,-186.0999013
1317402995.0097280,-81.8381527,-186.8834430
1317402995.1097100,-81.7353736,-187.5971260
1317402995.2197919,-81.6311532,-188.3812962
1317402995.3197091,-81.5422041,-189.0948597
1317402995.4199460,-81.4608854,-189.8073557
1317402995.5297110,-81.3771509,-190.5953670
1317402995.6297319,-81.3067027,-191.3111339
1317402995.7297280,-81.2483355,-192.0269802
1317402995.8397131,-81.2002643,-192.8156574
1317402995.9398470,-81.1577959,-193.5290028
1317402996.0497041,-81.1125662,-194.3152023
1317402996.1497250,-81.0802217,-195.0315208
1317402996.2497089,-81.0472317,-195.7566665
1317402996.3599491,-81.0091506,-196.5527868
1317402996.4597371,-80.9732191,-197.2794827
1317402996.5597141,-80.9418172,-198.0091938
1317402996.6697071,-80.9141379,-198.8147972
1317402996.7698760,-80.8875185,-199.5496078
1317402996.8799219,-80.8587431,-200.3615430
1317402996.9797080,-80.8268391,-201.1041485
1317402997.0796909,-80.7893283,-201.8488018
1317402997.1896861,-80.7398567,-202.6726469
1317402997.2897050,-80.6917502,-203.4208843
1317402997.3897519,-80.6370176,-204.1744650
1317402997.4997480,-80.5703813,-205.0062480
1317402997.5996830,-80.5035018,-205.7643522
1317402997.7096870,-80.4288921,-206.6000841
1317402997.8097141,-80.3578696,-207.3633592
1317402997.9098990,-80.2818447,-208.1251413
1317402998.0196791,-80.1957846,-208.9678802
1317402998.1196749,-80.1171929,-209.7347807
1317402998.2197280,-80.0364725,-210.4997012
1317402998.3296771,-79.9447129,-211.3349103
1317402998.4297590,-79.8592226,-212.0908398
1317402998.5396609,-79.7566821,-212.9215922
1317402998.6396639,-79.6566774,-213.6776853
1317402998.7396591,-79.5542702,-214.4291633
1317402998.8498721,-79.4414901,-215.2516009
1317402998.9496980,-79.3350028,-215.9971018
1317402999.0496750,-79.2212399,-216.7455149
1317402999.1596379,-79.0934571,-217.5730597
1317402999.2596710,-78.9800920,-218.3282995
1317402999.3598039,-78.8658896,-219.0863035
1317402999.4696679,-78.7337161,-219.9202518
1317402999.5696640,-78.6126080,-220.6781718
1317402999.6796470,-78.4791097,-221.5079809
1317402999.7797060,-78.3570450,-222.2628802
1317402999.8796971,-78.2279614,-223.0174177
1317402999.9896870,-78.0829696,-223.8453789
1317403000.0896969,-77.9479881,-224.5960127
1317403000.1896410,-77.8094112,-225.3502952
1317403000.2996280,-77.6531384,-226.1839112
1317403000.3998289,-77.5083696,-226.9452793
1317403000.5095999,-77.3464097,-227.7825242
1317403000.6096261,-77.1950970,-228.5454427
1317403000.7096491,-77.0426200,-229.3117124
1317403000.8196399,-76.8715931,-230.1530698
1317403000.9199951,-76.7092628,-230.9112407
1317403001.0196171,-76.5484691,-231.6671001
1317403001.1296091,-76.3753672,-232.5008001
1317403001.2296209,-76.2169997,-233.2638737
1317403001.3396680,-76.0401225,-234.1057097
1317403001.4396319,-75.8819561,-234.8704815
1317403001.5396121,-75.7237824,-235.6359517
1317403001.6496160,-75.5494624,-236.4854073
1317403001.7496080,-75.3900889,-237.2561178
1317403001.8497610,-75.2267393,-238.0248479
1317403001.9596670,-75.0442140,-238.8691602
1317403002.0596139,-74.8768351,-239.6365152
1317403002.1695850,-74.6900819,-240.4786407
1317403002.2697201,-74.5214892,-241.2454658
1317403002.3697131,-74.3522254,-242.0096773
1317403002.4796159,-74.1592148,-242.8518414
1317403002.5795619,-73.9819623,-243.6157808
1317403002.6795869,-73.8014920,-244.3779922
1317403002.7895260,-73.5956439,-245.2139339
1317403002.8897991,-73.4087591,-245.9751383
1317403002.9995761,-73.2023390,-246.8138504
1317403003.0995820,-73.0067138,-247.5742310
1317403003.1995630,-72.8042780,-248.3327784
1317403003.3095820,-72.5741838,-249.1627596
1317403003.4096260,-72.3481506,-249.9149525
1317403003.5095229,-72.1126453,-250.6635477
1317403003.6196051,-71.8401957,-251.4848136
1317403003.7195671,-71.5775379,-252.2248868
1317403003.8195579,-71.3055115,-252.9597564
1317403003.9297590,-70.9969840,-253.7663762
1317403004.0295701,-70.7085799,-254.4967826
1317403004.1395609,-70.3870406,-255.3027881
1317403004.2395351,-70.0973789,-256.0345168
1317403004.3395939,-69.8178749,-256.7696121
1317403004.4495699,-69.5238238,-257.5826868
1317403004.5495450,-69.2663110,-258.3281406
1317403004.6595299,-68.9856478,-259.1491303
1317403004.7595501,-68.7442247,-259.8975350
1317403004.8596900,-68.5156803,-260.6500803
1317403004.9695849,-68.2677631,-261.4776708
1317403005.0695231,-68.0459969,-262.2374626
1317403005.1795859,-67.8111179,-263.0745040
1317403005.2795539,-67.6010096,-263.8380667
1317403005.3796511,-67.3954699,-264.6063169
1317403005.4895129,-67.1741803,-265.4527387
1317403005.5895510,-66.9768168,-266.2231991
1317403005.6895111,-66.7807834,-266.9930481
1317403005.7995250,-66.5693316,-267.8433073
1317403005.8996320,-66.3779141,-268.6191857
1317403006.0095589,-66.1678420,-269.4771388
1317403006.1095099,-65.9766049,-270.2626832
1317403006.2094820,-65.7890725,-271.0504193
1317403006.3195159,-65.5838414,-271.9253647
1317403006.4196739,-65.3897164,-272.7241879
1317403006.5195320,-65.1934279,-273.5233543
1317403006.6295421,-64.9755279,-274.4096494
1317403006.7295151,-64.7717485,-275.2155520
1317403006.8394959,-64.5396531,-276.1068346
1317403006.9396369,-64.3270526,-276.9140259
1317403007.0395050,-64.1156263,-277.7261422
1317403007.1496501,-63.8820727,-278.6231508
1317403007.2496679,-63.6629014,-279.4405656
1317403007.3496790,-63.4330241,-280.2600252
1317403007.4596691,-63.1667334,-281.1611975
1317403007.5594790,-62.9168013,-281.9852538
1317403007.6594760,-62.6540837,-282.8126377
1317403007.7696381,-62.3596131,-283.7252256
1317403007.8696420,-62.0869097,-284.5492152
1317403007.9795859,-61.7758949,-285.4503638
1317403008.0794699,-61.4981764,-286.2624247
1317403008.1795361,-61.2124679,-287.0759135
1317403008.2894640,-60.8917265,-287.9720629
1317403008.3896480,-60.5921285,-288.7890779
1317403008.4894831,-60.3031514,-289.6186765
1317403008.5994351,-59.9683532,-290.5317182
1317403008.6994579,-59.6596542,-291.3633570
1317403008.8094420,-59.2956081,-292.2719303
1317403008.9094851,-58.9637949,-293.1581289
1317403009.0094531,-58.6191026,-294.0612945
1317403009.1194611,-58.2381650,-295.0575648
1317403009.2194631,-57.8823943,-295.9383496
1317403009.3194520,-57.5199479,-296.8101999
1317403009.4294820,-57.1167156,-297.7725457
1317403009.5294449,-56.7371616,-298.6342912
1317403009.6393991,-56.3072024,-299.5822939
1317403009.7395151,-55.9052150,-300.4352540
1317403009.8394351,-55.5002184,-301.2908523
1317403009.9496701,-55.0471430,-302.2125257
1317403010.0494890,-54.6282557,-303.0544661
1317403010.1494880,-54.2118490,-303.8896404
1317403010.2594190,-53.7486839,-304.8079990
1317403010.3596439,-53.3205293,-305.6328469
1317403010.4694121,-52.8461109,-306.5388173
1317403010.5694430,-52.4110578,-307.3568250
1317403010.6694300,-51.9686909,-308.1683735
1317403010.7794130,-51.4713661,-309.0539609
1317403010.8795979,-51.0206712,-309.8544639
1317403010.9794371,-50.5604864,-310.6513924
1317403011.0894041,-50.0570072,-311.5222442
1317403011.1893899,-49.5948958,-312.3106033
1317403011.2994411,-49.0800145,-313.1699161
1317403011.3993859,-48.6120331,-313.9521992
1317403011.4993949,-48.1358896,-314.7308205
1317403011.6093910,-47.6049410,-315.5821924
1317403011.7093930,-47.1227913,-316.3545020
1317403011.8094001,-46.6405038,-317.1267282
1317403011.9197750,-46.1077475,-317.9718000
1317403012.0194359,-45.6232666,-318.7378905
1317403012.1294169,-45.0923810,-319.5783709
1317403012.2293510,-44.6062388,-320.3415630
1317403012.3293581,-44.1169546,-321.1081753
1317403012.4395421,-43.5774507,-321.9567596
1317403012.5394011,-43.0863725,-322.7311525
1317403012.6494181,-42.5483584,-323.5861430
1317403012.7494240,-42.0602606,-324.3657427
1317403012.8495269,-41.5766215,-325.1508999
1317403012.9594290,-41.0499507,-326.0230340
1317403013.0593810,-40.5738211,-326.8214763
1317403013.1593950,-40.1039344,-327.6258131
1317403013.2695100,-39.5914566,-328.5188912
1317403013.3695331,-39.1299740,-329.3372693
1317403013.4793611,-38.6267850,-330.2423895
1317403013.5794020,-38.1763934,-331.0672596
1317403013.6793809,-37.7351463,-331.8982444
1317403013.7893720,-37.2575438,-332.8210869
1317403013.8894839,-36.8286856,-333.6678143
1317403013.9893479,-36.4045891,-334.5204332
1317403014.0993440,-35.9421075,-335.4630525
1317403014.1993630,-35.5270246,-336.3263538
1317403014.3093431,-35.0714051,-337.2802897
1317403014.4093759,-34.6563409,-338.1513989
1317403014.5093830,-34.2484837,-339.0261397
1317403014.6193521,-33.8036306,-339.9939756
1317403014.7193861,-33.4014995,-340.8791573
1317403014.8193340,-33.0016026,-341.7671941
1317403014.9296110,-32.5684645,-342.7500191
1317403015.0292790,-32.1760268,-343.6452606
1317403015.1393690,-31.7482328,-344.6319611
1317403015.2393420,-31.3626031,-345.5306044
1317403015.3393090,-30.9785310,-346.4300414
1317403015.4493959,-30.5614463,-347.4199086
1317403015.5493550,-30.1874978,-348.3210661
1317403015.6493330,-29.8168191,-349.2237870
1317403015.7593369,-29.4132569,-350.2199510
1317403015.8594871,-29.0496037,-351.1293808
1317403015.9693251,-28.6511037,-352.1287762
1317403016.0693030,-28.2891623,-353.0354450
1317403016.1692951,-27.9313947,-353.9414686
1317403016.2792881,-27.5380125,-354.9395447
1317403016.3794990,-27.1828969,-355.8490417
1317403016.4792809,-26.8289176,-356.7600494
1317403016.5892711,-26.4444442,-357.7649036
1317403016.6893010,-26.0947846,-358.6786188
1317403016.7892809,-25.7444871,-359.5920620
1317403016.8994851,-25.3600346,-360.5959563
1317403016.9992759,-25.0099988,-361.5069033
1317403017.1092949,-24.6261462,-362.5093296
1317403017.2092640,-24.2750289,-363.4219503
1317403017.3092849,-23.9258019,-364.3363002
1317403017.4194920,-23.5409641,-365.3403313
1317403017.5192721,-23.1924374,-366.2522577
1317403017.6192379,-22.8426959,-367.1641083
1317403017.7292790,-22.4591235,-368.1680635
1317403017.8292820,-22.1098134,-369.0799316
1317403017.9392660,-21.7266330,-370.0803355
1317403018.0392649,-21.3787249,-370.9874271
1317403018.1392720,-21.0305640,-371.8915521
1317403018.2494581,-20.6506016,-372.8827414
1317403018.3494439,-20.3066085,-373.7807805
1317403018.4494131,-19.9593404,-374.6724662
1317403018.5592849,-19.5776995,-375.6483062
1317403018.6592641,-19.2319899,-376.5269407
1317403018.7694170,-18.8554273,-377.4847997
1317403018.8693390,-18.5144826,-378.3444429
1317403018.9692781,-18.1762204,-379.1929298
1317403019.0792570,-17.8071910,-380.1125260
1317403019.1792209,-17.4752744,-380.9352453
1317403019.2792201,-17.1443273,-381.7444378
1317403019.3894579,-16.7825946,-382.6167803
1317403019.4892681,-16.4595319,-383.3940431
1317403019.5992160,-16.1118451,-384.2308088
1317403019.6992979,-15.8035433,-384.9793446
1317403019.7991779,-15.5031512,-385.7125492
1317403019.9094329,-15.1827033,-386.5062332
1317403020.0091989,-14.8987330,-387.2162634
1317403020.1092100,-14.6210076,-387.9179625
1317403020.2192230,-14.3197441,-388.6781339
1317403020.3191900,-14.0488351,-389.3569834
1317403020.4195039,-13.7826864,-390.0267814
1317403020.5292301,-13.4973193,-390.7519693
1317403020.6292250,-13.2473437,-391.4023403
1317403020.7392340,-12.9843532,-392.1078974
1317403020.8392091,-12.7493152,-392.7451941
1317403020.9392200,-12.5199667,-393.3828933
1317403021.0492630,-12.2731791,-394.0916405
1317403021.1492021,-12.0536605,-394.7432744
1317403021.2592461,-11.8158137,-395.4691770
1317403021.3593521,-11.6078834,-396.1339905
1317403021.4592011,-11.4063548,-396.8053052
1317403021.5691500,-11.1911086,-397.5488200
1317403021.6692190,-11.0012921,-398.2309177
1317403021.7693319,-10.8203118,-398.9169394
1317403021.8792751,-10.6293817,-399.6793987
1317403021.9792311,-10.4590226,-400.3792228
1317403022.0891781,-10.2730222,-401.1578876
1317403022.1891680,-10.1065068,-401.8759450
1317403022.2891841,-9.9354127,-402.6009959
1317403022.3992100,-9.7476393,-403.4057262
1317403022.4991560,-9.5811462,-404.1399966
1317403022.5991800,-9.4173136,-404.8800706
1317403022.7091839,-9.2399681,-405.6999110
1317403022.8092029,-9.0852566,-406.4524524
1317403022.9194429,-8.9215949,-407.2852624
1317403023.0191939,-8.7813767,-408.0422909
1317403023.1191480,-8.6454451,-408.7936529
1317403023.2291689,-8.4976193,-409.6149190
1317403023.3291500,-8.3675090,-410.3587739
1317403023.4291811,-8.2407398,-411.0985137
1317403023.5392361,-8.1087124,-411.9057384
1317403023.6391270,-7.9968013,-412.6346442
1317403023.7491951,-7.8859621,-413.4292959
1317403023.8492551,-7.7904573,-414.1453373
1317403023.9492180,-7.7041388,-414.8517935
1317403024.0591359,-7.6209237,-415.6173099
1317403024.1591570,-7.5519551,-416.3064960
1317403024.2592530,-7.4853138,-416.9921036
1317403024.3693700,-7.4202068,-417.7483626
1317403024.4691510,-7.3746607,-418.4359937
1317403024.5791590,-7.3441419,-419.1887880
1317403024.6791351,-7.3324610,-419.8737321
1317403024.7790630,-7.3375679,-420.5632273
1317403024.8893270,-7.3615766,-421.3288007
1317403024.9891560,-7.4007683,-422.0319966
1317403025.0991769,-7.4590420,-422.8109567
1317403025.1991060,-7.5248917,-423.5255549
1317403025.2991090,-7.6005937,-424.2438321
1317403025.4091721,-7.6989779,-425.0340721
1317403025.5091150,-7.7966475,-425.7546763
1317403025.6091139,-7.8973455,-426.4800966
1317403025.7191110,-8.0130636,-427.2820881
1317403025.8191550,-8.1265829,-428.0126522
1317403025.9293101,-8.2582717,-428.8123988
1317403026.0291021,-8.3716238,-429.5337501
1317403026.1290920,-8.4895518,-430.2551138
1317403026.2391150,-8.6337932,-431.0525555
1317403026.3391240,-8.7637812,-431.7884656
1317403026.4391351,-8.8951639,-432.5324076
1317403026.5492129,-9.0470279,-433.3456543
1317403026.6491740,-9.1824452,-434.0737976
1317403026.7590840,-9.3258091,-434.8673816
1317403026.8591421,-9.4598381,-435.5858336
1317403026.9591839,-9.5921858,-436.3072215
1317403027.0690839,-9.7250553,-437.1003742
1317403027.1691041,-9.8432604,-437.8097747
1317403027.2692280,-9.9634498,-438.5062858
1317403027.3792000,-10.0937679,-439.2597784
1317403027.4790871,-10.2065554,-439.9397206
1317403027.5890961,-10.3251376,-440.6826868
1317403027.6891050,-10.4278558,-441.3503548
1317403027.7890680,-10.5273667,-442.0076282
1317403027.8991179,-10.6306755,-442.7202502
1317403027.9990730,-10.7238566,-443.3585140
1317403028.0991001,-10.8161848,-443.9913930
1317403028.2090671,-10.9200121,-444.6824226
1317403028.3091099,-11.0238724,-445.3033232
1317403028.4192650,-11.1508945,-445.9740426
1317403028.5190721,-11.2756460,-446.5652949
1317403028.6190851,-11.4008654,-447.1324553
1317403028.7290411,-11.5467396,-447.7342158
1317403028.8290410,-11.6802241,-448.2585758
1317403028.9391849,-11.8337679,-448.8120834
1317403029.0390301,-11.9712232,-449.2922053
1317403029.1390271,-12.1140952,-449.7477797
1317403029.2490990,-12.2737282,-450.2171632
1317403029.3492630,-12.4209465,-450.6148837
1317403029.4491811,-12.5639484,-450.9898433
1317403029.5590379,-12.7128090,-451.3767749
1317403029.6590650,-12.8488437,-451.7120835
1317403029.7691700,-13.0003869,-452.0603564
1317403029.8691161,-13.1353040,-452.3589513
1317403029.9690349,-13.2709860,-452.6397800
1317403030.0790579,-13.4122903,-452.9302651
1317403030.1790080,-13.5276652,-453.1813907
1317403030.2790051,-13.6297931,-453.4173566
1317403030.3892181,-13.7354605,-453.6577333
1317403030.4890051,-13.8250449,-453.8561028
1317403030.5989981,-13.9174353,-454.0500032
1317403030.6990490,-13.9932248,-454.2048272
1317403030.7990570,-14.0615571,-454.3442816
1317403030.9091361,-14.1256333,-454.4939362
1317403031.0090020,-14.1814025,-454.6287407
1317403031.1089890,-14.2377019,-454.7634718
1317403031.2190621,-14.3087303,-454.9094241
1317403031.3189881,-14.3710752,-455.0391648
1317403031.4191871,-14.4265923,-455.1701458
1317403031.5290229,-14.4807377,-455.3154563
1317403031.6289821,-14.5284627,-455.4474698
1317403031.7389779,-14.5841682,-455.5960505
1317403031.8389850,-14.6409677,-455.7398569
1317403031.9391000,-14.7023164,-455.8959470
1317403032.0490079,-14.7720172,-456.0878947
1317403032.1491301,-14.8368356,-456.2779432
1317403032.2489660,-14.9061820,-456.4776488
1317403032.3591421,-14.9941061,-456.7064843
1317403032.4590189,-15.0811776,-456.9224359
1317403032.5689650,-15.1729733,-457.1706756
1317403032.6689420,-15.2569874,-457.4041999
1317403032.7691591,-15.3397019,-457.6442645
1317403032.8790171,-15.4250261,-457.9175627
1317403032.9789970,-15.5017065,-458.1744671
1317403033.0789361,-15.5762720,-458.4429563
1317403033.1889710,-15.6523017,-458.7546059
1317403033.2889619,-15.7146850,-459.0518345
1317403033.3890600,-15.7695849,-459.3610687
1317403033.4990129,-15.8340556,-459.7118572
1317403033.5989771,-15.8893686,-460.0447981
1317403033.7089930,-15.9418692,-460.4266737
1317403033.8089361,-15.9807703,-460.7893496
1317403033.9090569,-16.0100156,-461.1672139
1317403034.0189459,-16.0328166,-461.6011125
1317403034.1189649,-16.0323941,-462.0123311
1317403034.2189839,-16.0002843,-462.4382434
1317403034.3289280,-15.9493603,-462.9288621
1317403034.4289761,-15.9028473,-463.3932758
1317403034.5390050,-15.8373742,-463.9237741
1317403034.6389410,-15.7745179,-464.4236015
1317403034.7389221,-15.6991503,-464.9399132
1317403034.8489900,-15.6261804,-465.5256952
1317403034.9490061,-15.5705905,-466.0689540
1317403035.0489571,-15.4962510,-466.6288397
1317403035.1589050,-15.3981528,-467.2597004
1317403035.2589281,-15.2895439,-467.8479958
1317403035.3690140,-15.1574222,-468.5109158
1317403035.4689031,-15.0337540,-469.1379572
1317403035.5689690,-14.9038749,-469.7816706
1317403035.6788859,-14.7492540,-470.5063667
1317403035.7789569,-14.5946295,-471.1760277
1317403035.8789599,-14.4341072,-471.8596346
1317403035.9888990,-14.2411215,-472.6237420
1317403036.0888939,-14.0629435,-473.3338679
1317403036.1988709,-13.8543387,-474.1275434
1317403036.2988920,-13.6631480,-474.8644248
1317403036.3990121,-13.4631675,-475.6137841
1317403036.5088830,-13.2373127,-476.4522367
1317403036.6088850,-13.0235095,-477.2266746
1317403036.7088799,-12.8054670,-478.0104094
1317403036.8188970,-12.5621114,-478.8834697
1317403036.9192481,-12.3356469,-479.6857322
1317403037.0288770,-12.0813565,-480.5784996
1317403037.1288769,-11.8430406,-481.3997526
1317403037.2288520,-11.6017478,-482.2327149
1317403037.3389039,-11.3287512,-483.1595472
1317403037.4388981,-11.0763278,-484.0127482
1317403037.5388949,-10.8201359,-484.8775816
1317403037.6489871,-10.5374697,-485.8409192
1317403037.7490139,-10.2783185,-486.7281539
1317403037.8590441,-9.9918637,-487.7149952
1317403037.9589019,-9.7258455,-488.6217598
1317403038.0589240,-9.4555498,-489.5384322
1317403038.1688421,-9.1538548,-490.5597852
1317403038.2690001,-8.8744669,-491.4984826
1317403038.3691139,-8.5927553,-492.4461661
1317403038.4788530,-8.2776677,-493.4997257
1317403038.5788269,-7.9882526,-494.4678872
1317403038.6888499,-7.6685512,-495.5352214
1317403038.7888300,-7.3632738,-496.4969972
1317403038.8889380,-7.0591274,-497.4726265
1317403038.9988539,-6.7254650,-498.5523064
1317403039.0988431,-6.4223835,-499.5449055
1317403039.2088070,-6.0943275,-500.6428813
1317403039.3088641,-5.8049901,-501.6475549
1317403039.4088831,-5.5241941,-502.6526824
1317403039.5188401,-5.2333579,-503.7658542
1317403039.6188800,-4.9865285,-504.7895049
1317403039.7187850,-4.7560374,-505.8155256
1317403039.8288381,-4.5254405,-506.9565502
1317403039.9288480,-4.3337482,-507.9961644
1317403040.0388410,-4.1422410,-509.1524901
1317403040.1387939,-3.9789959,-510.2082374
1317403040.2388370,-3.8455398,-511.2714715
1317403040.3490269,-3.7250081,-512.4429265
1317403040.4490430,-3.6429544,-513.5117668
1317403040.5587831,-3.5842510,-514.6896889
1317403040.6588099,-3.5656111,-515.7598817
1317403040.7588770,-3.5790079,-516.8300679
1317403040.8688610,-3.6343651,-518.0061367
1317403040.9688399,-3.7172589,-519.0763763
1317403041.0787849,-3.8480900,-520.2502552
1317403041.1788449,-3.9970622,-521.3158001
1317403041.2787840,-4.1750916,-522.3778707
1317403041.3890231,-4.4061746,-523.5498816
1317403041.4888010,-4.6415606,-524.6131164
1317403041.5887880,-4.8966773,-525.6713974
1317403041.6987741,-5.2051023,-526.8320164
1317403041.7988141,-5.5100222,-527.8834254
1317403041.8990071,-5.8356134,-528.9288677
1317403042.0087931,-6.2116327,-530.0842935
1317403042.1087880,-6.5595971,-531.1324398
1317403042.2187929,-6.9469532,-532.2859944
1317403042.3187900,-7.3026455,-533.3326504
1317403042.4189460,-7.6656712,-534.3849085
1317403042.5287910,-8.0719715,-535.5449060
1317403042.6287820,-8.4500629,-536.6082887
1317403042.7287519,-8.8346082,-537.6770138
1317403042.8387380,-9.2637462,-538.8627979
1317403042.9387929,-9.6599951,-539.9476284
1317403043.0387759,-10.0582001,-541.0383939
1317403043.1489489,-10.5017984,-542.2442415
1317403043.2488530,-10.9097301,-543.3467016
1317403043.3589749,-11.3625503,-544.5682831
1317403043.4588530,-11.7760801,-545.6853582
1317403043.5587449,-12.1908407,-546.8100017
1317403043.6687670,-12.6484328,-548.0546655
1317403043.7688880,-13.0694017,-549.1943563
1317403043.8687789,-13.4944077,-550.3402652
1317403043.9787829,-13.9716217,-551.6048345
1317403044.0787449,-14.4109982,-552.7606536
1317403044.1887281,-14.8990165,-554.0402266
1317403044.2887499,-15.3492132,-555.2084517
1317403044.3888290,-15.8055099,-556.3820801
1317403044.4987531,-16.3293049,-557.6965508
1317403044.5987091,-16.8110500,-558.8968324
1317403044.6987109,-17.3015556,-560.1049535
1317403044.8087051,-17.8431674,-561.4329856
1317403044.9089429,-18.3469894,-562.6488074
1317403045.0087271,-18.8531199,-563.8661193
1317403045.1187229,-19.4167387,-565.2111633
1317403045.2187200,-19.9336517,-566.4358995
1317403045.3287129,-20.5108232,-567.7896671
1317403045.4287541,-21.0427087,-569.0239120
1317403045.5287180,-21.5814827,-570.2628445
1317403045.6387129,-22.1844417,-571.6312754
1317403045.7387600,-22.7392724,-572.8793252
1317403045.8386941,-23.3027400,-574.1329915
1317403045.9488001,-23.9266082,-575.5171113
1317403046.0487139,-24.5009296,-576.7811712
1317403046.1586699,-25.1359454,-578.1780602
1317403046.2587061,-25.7202248,-579.4535406
1317403046.3588500,-26.3089774,-580.7345452
1317403046.4686821,-26.9621284,-582.1486310
1317403046.5686829,-27.5586697,-583.4399973
1317403046.6686730,-28.1580410,-584.7367670
1317403046.7786670,-28.8213237,-586.1696996
1317403046.8787539,-29.4325952,-587.4833181
1317403046.9886940,-30.1030179,-588.9233679
1317403047.0886669,-30.7128678,-590.2321664
1317403047.1886539,-31.3230952,-591.5426845
1317403047.2987189,-31.9951691,-592.9883216
1317403047.3986750,-32.6026172,-594.3082537
1317403047.4986820,-33.2105011,-595.6337185
1317403047.6086950,-33.8792066,-597.0931736
1317403047.7086861,-34.4892198,-598.4186922
1317403047.8086550,-35.1000835,-599.7453863
1317403047.9190490,-35.7721093,-601.2062216
1317403048.0187261,-36.3812332,-602.5336097
1317403048.1286609,-37.0454345,-603.9956062
1317403048.2286670,-37.6483138,-605.3240615
1317403048.3286510,-38.2499575,-606.6529985
1317403048.4386790,-38.9135284,-608.1141936
1317403048.5386579,-39.5153042,-609.4416317
1317403048.6386440,-40.1137711,-610.7684983
1317403048.7487340,-40.7707332,-612.2226912
1317403048.8487561,-41.3703154,-613.5428782
1317403048.9586599,-42.0344604,-614.9930169
1317403049.0586510,-42.6395199,-616.3080417
1317403049.1586320,-43.2456355,-617.6228099
1317403049.2687981,-43.9081560,-619.0711853
1317403049.3687320,-44.5051276,-620.3899380
1317403049.4686670,-45.1012132,-621.7072142
1317403049.5786870,-45.7526692,-623.1566561
1317403049.6786480,-46.3469446,-624.4761773
1317403049.7886479,-46.9968573,-625.9281048
1317403049.8887870,-47.5929369,-627.2459203
1317403049.9886250,-48.1826039,-628.5628368
1317403050.0986371,-48.8323756,-630.0109377
1317403050.1986001,-49.4217363,-631.3258931
1317403050.2986569,-50.0110081,-632.6395923
1317403050.4086680,-50.6626340,-634.0798532
1317403050.5086200,-51.2487741,-635.3849854
1317403050.6086099,-51.8306337,-636.6835222
1317403050.7185860,-52.4604540,-638.1075727
1317403050.8185890,-53.0316924,-639.3932424
1317403050.9287021,-53.6533211,-640.7990810
1317403051.0286379,-54.2178521,-642.0645729
1317403051.1285930,-54.7775551,-643.3272034
1317403051.2385800,-55.3899991,-644.7093748
1317403051.3386040,-55.9423198,-645.9588208
1317403051.4386001,-56.4911536,-647.2003399
1317403051.5485971,-57.0912928,-648.5506733
1317403051.6486001,-57.6302990,-649.7640595
1317403051.7485750,-58.1601805,-650.9564056
1317403051.8588531,-58.7332852,-652.2491472
1317403051.9586220,-59.2450165,-653.3961119
1317403052.0685680,-59.8007196,-654.6318497
1317403052.1685691,-60.2979744,-655.7289105
1317403052.2687280,-60.7830139,-656.8064084
1317403052.3787200,-61.3054566,-657.9618161
1317403052.4785910,-61.7660163,-658.9816076
1317403052.5786200,-62.2118384,-659.9755515
1317403052.6885819,-62.6851127,-661.0347995
1317403052.7885439,-63.1031865,-661.9670887
1317403052.8987570,-63.5460910,-662.9538903
1317403052.9985650,-63.9236965,-663.8232040
1317403053.0985370,-64.2860052,-664.6548772
1317403053.2085590,-64.6680010,-665.5294205
1317403053.3085370,-65.0024911,-666.2893575
1317403053.4085751,-65.3216746,-667.0091176
1317403053.5185361,-65.6532613,-667.7617061
1317403053.6185520,-65.9397522,-668.4126642
1317403053.7285161,-66.2477187,-669.0915061
1317403053.8285301,-66.5189903,-669.6739654
1317403053.9286070,-66.7958333,-670.2240314
1317403054.0385330,-67.1101800,-670.8027164
1317403054.1385510,-67.4047573,-671.3171855
1317403054.2485440,-67.7393989,-671.8647898
1317403054.3487210,-68.0625638,-672.3422529
1317403054.4485309,-68.4007350,-672.7983118
1317403054.5585141,-68.7920458,-673.2763532
1317403054.6585219,-69.1601988,-673.6842903
1317403054.7686810,-69.5884993,-674.0971218
1317403054.8686211,-69.9900149,-674.4431254
1317403054.9786201,-70.4555634,-674.7760666
1317403055.0785120,-70.8857221,-675.0437026
1317403055.1785080,-71.3335581,-675.2778071
1317403055.2885010,-71.8376043,-675.5095773
1317403055.3887141,-72.3097643,-675.6920768
1317403055.4985020,-72.8421761,-675.8558282
1317403055.5985010,-73.3402582,-675.9662299
1317403055.6985500,-73.8490803,-676.0442775
1317403055.8085320,-74.4197302,-676.0981735
1317403055.9086950,-74.9491243,-676.1185408
1317403056.0185139,-75.5382317,-676.1017877
1317403056.1184630,-76.0806537,-676.0492286
1317403056.2184761,-76.6313834,-675.9704650
1317403056.3284650,-77.2370956,-675.8372864
1317403056.4285131,-77.7874905,-675.6714770
1317403056.5385740,-78.3892304,-675.4528357
1317403056.6384821,-78.9287746,-675.2050895
1317403056.7385249,-79.4614608,-674.9096269
1317403056.8485410,-80.0343159,-674.5414136
1317403056.9485779,-80.5445778,-674.1618974
1317403057.0484719,-81.0417554,-673.7450585
1317403057.1584971,-81.5723118,-673.2445743
1317403057.2585249,-82.0437941,-672.7621408
1317403057.3586569,-82.5001074,-672.2514765
1317403057.4684970,-82.9892479,-671.6574382
1317403057.5684540,-83.4174434,-671.0922776
1317403057.6684670,-83.8448010,-670.5085452
1317403057.7784550,-84.3057931,-669.8515392
1317403057.8785169,-84.7155056,-669.2373174
1317403057.9884441,-85.1645521,-668.5331231
1317403058.0884509,-85.5712617,-667.8808243
1317403058.1884730,-85.9683024,-667.2214723
1317403058.2984469,-86.3889754,-666.4767279
1317403058.3986599,-86.7585818,-665.7801954
1317403058.4984319,-87.1148577,-665.0703240
1317403058.6084421,-87.4936665,-664.2815387
1317403058.7084291,-87.8127130,-663.5476611
1317403058.8184900,-88.1450318,-662.7307997
1317403058.9186270,-88.4272880,-661.9741368
1317403059.0184469,-88.6998227,-661.2010157
1317403059.1283989,-88.9774634,-660.3423036
1317403059.2284141,-89.2079487,-659.5519521
1317403059.3284380,-89.4318820,-658.7555080
1317403059.4384689,-89.6731453,-657.8590781
1317403059.5384669,-89.8926115,-657.0367362
1317403059.6384590,-90.1160127,-656.2083279
1317403059.7484190,-90.3625286,-655.2897674
1317403059.8486609,-90.5824940,-654.4483949
1317403059.9584229,-90.8259904,-653.5109088
1317403060.0584140,-91.0490574,-652.6527148
1317403060.1584730,-91.2824381,-651.7826132
1317403060.2685399,-91.5431006,-650.8224742
1317403060.3685770,-91.7954821,-649.9435686
1317403060.4684680,-92.0543312,-649.0607949
1317403060.5783780,-92.3346490,-648.0797619
1317403060.6783881,-92.5949644,-647.1741899
1317403060.7884080,-92.8855502,-646.1691518
1317403060.8886340,-93.1510080,-645.2421877
1317403060.9883890,-93.4175843,-644.3094918
1317403061.0984380,-93.7165067,-643.2775794
1317403061.1983850,-93.9852936,-642.3351743
1317403061.2983961,-94.2582718,-641.3963362
1317403061.4084189,-94.5627494,-640.3663930
1317403061.5083859,-94.8432646,-639.4331611
1317403061.6083591,-95.1339806,-638.4995080
1317403061.7183831,-95.4548651,-637.4740887
1317403061.8183839,-95.7488400,-636.5527077
1317403061.9284430,-96.0783192,-635.5425801
1317403062.0283799,-96.3804723,-634.6308315
1317403062.1283791,-96.6717145,-633.7254027
1317403062.2383759,-96.9955113,-632.7363742
1317403062.3383651,-97.2904341,-631.8526432
1317403062.4384110,-97.5932968,-630.9692801
1317403062.5483439,-97.9217675,-630.0011774
1317403062.6483531,-98.2155383,-629.1248841
1317403062.7583499,-98.5342790,-628.1691429
1317403062.8586540,-98.8218835,-627.3124852
1317403062.9583950,-99.1095994,-626.4676589
1317403063.0683360,-99.4233969,-625.5490875
1317403063.1683669,-99.7136168,-624.7203594
1317403063.2684820,-99.9995650,-623.9054469
1317403063.3784990,-100.3086837,-623.0220805
1317403063.4783270,-100.5920592,-622.2353916
1317403063.5883479,-100.8983587,-621.3890052
1317403063.6883380,-101.1745824,-620.6332132
1317403063.7883241,-101.4469767,-619.8985136
1317403063.8986001,-101.7417990,-619.1143494
1317403063.9983110,-102.0012939,-618.4232203
1317403064.0983801,-102.2495006,-617.7516941
1317403064.2083340,-102.5123806,-617.0399043
1317403064.3083329,-102.7478666,-616.4171975
1317403064.4185359,-103.0019508,-615.7623460
1317403064.5182970,-103.2201661,-615.1930636
1317403064.6183050,-103.4333067,-614.6510580
1317403064.7283199,-103.6525460,-614.0856910
1317403064.8282809,-103.8361914,-613.6046197
1317403064.9285100,-104.0116769,-613.1524651
1317403065.0383430,-104.1911500,-612.6873395
1317403065.1383159,-104.3470465,-612.2955935
1317403065.2482719,-104.5021513,-611.8923562
1317403065.3484769,-104.6215020,-611.5533662
1317403065.4483359,-104.7332990,-611.2388572
1317403065.5582919,-104.8502464,-610.9246365
1317403065.6584251,-104.9502446,-610.6638877
1317403065.7583020,-105.0340448,-610.4245680
1317403065.8683701,-105.1229746,-610.1813540
1317403065.9683261,-105.2020462,-609.9815314
1317403066.0682800,-105.2773562,-609.7836417
1317403066.1782639,-105.3584986,-609.5732355
1317403066.2782781,-105.4325633,-609.3861551
1317403066.3885131,-105.5114239,-609.1803348
1317403066.4882860,-105.5850976,-608.9942242
1317403066.5882559,-105.6586193,-608.8123259
1317403066.6982620,-105.7367783,-608.6118725
1317403066.7982559,-105.8097527,-608.4287948
1317403066.8985040,-105.8828458,-608.2478528
1317403067.0082691,-105.9618147,-608.0461817
1317403067.1082571,-106.0294973,-607.8685062
1317403067.2183330,-106.1028414,-607.6766344
1317403067.3182740,-106.1673631,-607.5105853
1317403067.4184260,-106.2342171,-607.3478606
1317403067.5282471,-106.3069713,-607.1690967
1317403067.6282830,-106.3686416,-607.0099674
1317403067.7282641,-106.4277079,-606.8551244
1317403067.8382699,-106.4894262,-606.6930083
1317403067.9383690,-106.5466595,-606.5550435
1317403068.0482831,-106.6081876,-606.4110592
1317403068.1482329,-106.6607082,-606.2823011
1317403068.2482231,-106.7095743,-606.1549302
1317403068.3584120,-106.7635196,-606.0138880
1317403068.4582829,-106.8164185,-605.8905564
1317403068.5582390,-106.8706698,-605.7618937
1317403068.6682420,-106.9309900,-605.6235250
1317403068.7683790,-106.9831742,-605.5036667
1317403068.8684881,-107.0326764,-605.3872990
1317403068.9782300,-107.0866234,-605.2597157
1317403069.0782521,-107.1363685,-605.1433613
1317403069.1882541,-107.1925455,-605.0120216
1317403069.2882769,-107.2438640,-604.8865217
1317403069.3882971,-107.2986421,-604.7515588
1317403069.4982610,-107.3623342,-604.5928572
1317403069.5982120,-107.4274743,-604.4322658
1317403069.6982350,-107.5020342,-604.2494069
1317403069.8082061,-107.5969454,-604.0211905
1317403069.9084101,-107.6933836,-603.7886236
1317403070.0182209,-107.8086206,-603.5037456
1317403070.1181979,-107.9237424,-603.2177747
1317403070.2182651,-108.0527562,-602.9099870
1317403070.3282189,-108.2087024,-602.5465001
1317403070.4282570,-108.3597913,-602.1974691
1317403070.5281940,-108.5215084,-601.8202466
1317403070.6381869,-108.7123505,-601.3905919
1317403070.7381980,-108.9022227,-600.9812752
1317403070.8382120,-109.1034818,-600.5567596
1317403070.9481990,-109.3432307,-600.0701230
1317403071.0482011,-109.5730322,-599.6063513
1317403071.1582141,-109.8371539,-599.0774765
1317403071.2581539,-110.0927973,-598.5867979
1317403071.3582520,-110.3689110,-598.0852370
1317403071.4681940,-110.6862067,-597.5149312
1317403071.5681579,-110.9836698,-596.9854548
1317403071.6781621,-111.3290483,-596.3837450
1317403071.7782371,-111.6515613,-595.8223759
1317403071.8783400,-111.9814842,-595.2439582
1317403071.9881549,-112.3575254,-594.5924985
1317403072.0881720,-112.7143570,-593.9861141
1317403072.1881721,-113.0789605,-593.3686550
1317403072.2981610,-113.4961653,-592.6754404
1317403072.3983560,-113.8783618,-592.0269197
1317403072.5081880,-114.3101754,-591.2972803
1317403072.6081450,-114.7184242,-590.6250154
1317403072.7081490,-115.1356614,-589.9433010
1317403072.8181469,-115.6029052,-589.1780017
1317403072.9184661,-116.0356421,-588.4685838
1317403073.0181749,-116.4834133,-587.7481714
1317403073.1281180,-116.9793436,-586.9416117
1317403073.2281301,-117.4422893,-586.2035432
1317403073.3281400,-117.9092592,-585.4567494
1317403073.4381590,-118.4315311,-584.6344383
1317403073.5381501,-118.9106523,-583.8870715
1317403073.6481640,-119.4408039,-583.0679867
1317403073.7481220,-119.9195409,-582.3228168
1317403073.8482471,-120.4006090,-581.5810172
1317403073.9581561,-120.9377185,-580.7664647
1317403074.0581820,-121.4205355,-580.0231257
1317403074.1581190,-121.9004772,-579.2791926
1317403074.2682500,-122.4261299,-578.4581830
1317403074.3683250,-122.9107271,-577.7057232
1317403074.4782701,-123.4465015,-576.8755599
1317403074.5781000,-123.9356428,-576.1175562
1317403074.6780961,-124.4208688,-575.3563477
1317403074.7881000,-124.9554536,-574.5141953
1317403074.8881819,-125.4388194,-573.7440097
1317403074.9881160,-125.9234001,-572.9703732
1317403075.0980849,-126.4578681,-572.1155299
1317403075.1981540,-126.9392947,-571.3363288
1317403075.3081069,-127.4692455,-570.4741721
1317403075.4081440,-127.9509040,-569.6867842
1317403075.5081151,-128.4331951,-568.8985718
1317403075.6181459,-128.9653215,-568.0253084
1317403075.7180669,-129.4520364,-567.2294201
1317403075.8181331,-129.9401798,-566.4324512
1317403075.9283161,-130.4793664,-565.5509311
1317403076.0281091,-130.9708572,-564.7484403
1317403076.1380661,-131.5132586,-563.8633140
1317403076.2380810,-132.0084734,-563.0596088
1317403076.3381710,-132.5027074,-562.2579276
1317403076.4481189,-133.0465987,-561.3799023
1317403076.5481241,-133.5455875,-560.5855245
1317403076.6480839,-134.0450498,-559.7953776
1317403076.7581210,-134.5943995,-558.9262713
1317403076.8581419,-135.0918713,-558.1381458
1317403076.9581060,-135.5904389,-557.3543156
1317403077.0680759,-136.1397506,-556.4969911
1317403077.1681001,-136.6359190,-555.7222703
1317403077.2780900,-137.1804527,-554.8751377
1317403077.3782270,-137.6768449,-554.1119451
1317403077.4780819,-138.1724735,-553.3525780
1317403077.5880821,-138.7169339,-552.5217621
1317403077.6880901,-139.2129604,-551.7680949
1317403077.7880490,-139.7072834,-551.0202748
1317403077.8981681,-140.2491461,-550.2066508
1317403077.9980409,-140.7380958,-549.4673084
1317403078.1080489,-141.2693059,-548.6543482
1317403078.2080350,-141.7452788,-547.9163641
1317403078.3080599,-142.2132574,-547.1829127
1317403078.4182010,-142.7237343,-546.3882360
1317403078.5180421,-143.1815079,-545.6723936
1317403078.6180890,-143.6338867,-544.9663787
1317403078.7280481,-144.1250895,-544.2030453
1317403078.8280389,-144.5583311,-543.5239302
1317403078.9380879,-145.0210199,-542.7983768
1317403079.0380480,-145.4301328,-542.1529767
1317403079.1380150,-145.8242770,-541.5213593
1317403079.2480249,-146.2392142,-540.8447806
1317403079.3481600,-146.6010572,-540.2549432
1317403079.4480550,-146.9536612,-539.6915498
1317403079.5580249,-147.3187738,-539.0979730
1317403079.6580341,-147.6360976,-538.5817092
1317403079.7580230,-147.9455590,-538.0867058
1317403079.8681901,-148.2719083,-537.5656081
1317403079.9680591,-148.5532173,-537.1101688
1317403080.0780089,-148.8547667,-536.6298963
1317403080.1780679,-149.1259546,-536.2068685
1317403080.2780089,-149.3897696,-535.7942760
1317403080.3881619,-149.6710467,-535.3502032
1317403080.4879839,-149.9189467,-534.9554843
1317403080.5880091,-150.1637846,-534.5676545
1317403080.6980081,-150.4244044,-534.1511420
1317403080.7979989,-150.6560578,-533.7816273
1317403080.9081221,-150.9016409,-533.3808101
1317403081.0079739,-151.1205333,-533.0245794
1317403081.1079609,-151.3343809,-532.6759138
1317403081.2179689,-151.5644596,-532.3002086
1317403081.3179891,-151.7681063,-531.9704464
1317403081.4181831,-151.9660764,-531.6524498
1317403081.5279760,-152.1733072,-531.3153893
1317403081.6279709,-152.3542162,-531.0217309
1317403081.7380061,-152.5506351,-530.7081092
1317403081.8379531,-152.7218985,-530.4343444
1317403081.9380200,-152.8848133,-530.1666199
1317403082.0479541,-153.0561504,-529.8831655
1317403082.1480150,-153.2083311,-529.6325144
1317403082.2479401,-153.3576810,-529.3926580
1317403082.3581071,-153.5180520,-529.1439222
1317403082.4580750,-153.6574706,-528.9306858
1317403082.5679619,-153.8009112,-528.7120646
1317403082.6679809,-153.9210221,-528.5270291
1317403082.7680769,-154.0326614,-528.3482921
1317403082.8780439,-154.1496418,-528.1660776
1317403082.9779470,-154.2528951,-528.0086525
1317403083.0779531,-154.3514173,-527.8642321
1317403083.1879680,-154.4556523,-527.7155116
1317403083.2879710,-154.5433195,-527.5880341
1317403083.3880861,-154.6249595,-527.4677869
1317403083.4979689,-154.7122830,-527.3443730
1317403083.5979359,-154.7860030,-527.2404898
1317403083.7079589,-154.8610935,-527.1321525
1317403083.8079140,-154.9244741,-527.0402027
1317403083.9080589,-154.9838593,-526.9568080
1317403084.0179591,-155.0467213,-526.8709043
1317403084.1179450,-155.1010248,-526.7969020
1317403084.2179351,-155.1500281,-526.7237307
1317403084.3279350,-155.1975714,-526.6475292
1317403084.4279470,-155.2394017,-526.5864329
1317403084.5378990,-155.2811134,-526.5222329
1317403084.6379089,-155.3157223,-526.4647101
1317403084.7379789,-155.3487645,-526.4139555
1317403084.8480201,-155.3818279,-526.3622532
1317403084.9479730,-155.4114575,-526.3178290
1317403085.0479131,-155.4402986,-526.2762950
1317403085.1580350,-155.4687231,-526.2345957
1317403085.2579019,-155.4921803,-526.1996528
1317403085.3681159,-155.5151103,-526.1661231
1317403085.4679041,-155.5347816,-526.1382905
1317403085.5679171,-155.5526979,-526.1149149
1317403085.6778901,-155.5696506,-526.0932792
1317403085.7778959,-155.5824185,-526.0777826
1317403085.8779559,-155.5932362,-526.0651813
1317403085.9878981,-155.6035404,-526.0540203
1317403086.0878730,-155.6114126,-526.0446724
1317403086.1978979,-155.6195878,-526.0342535
1317403086.2979190,-155.6271930,-526.0249049
1317403086.3980739,-155.6351312,-526.0061806
1317403086.5078590,-155.6449012,-525.9860924
1317403086.6078570,-155.6553499,-525.9585624
1317403086.7078531,-155.6686372,-525.9312296
1317403086.8178520,-155.6841871,-525.8984788
1317403086.9182611,-155.7003383,-525.8709416
1317403087.0179169,-155.7181718,-525.8436301
1317403087.1278410,-155.7414148,-525.8092683
1317403087.2278521,-155.7646514,-525.7749103
1317403087.3378561,-155.7945527,-525.7338710
1317403087.4378829,-155.8237076,-525.6943236
1317403087.5378671,-155.8559774,-525.6492640
1317403087.6478570,-155.8932872,-525.5964270
1317403087.7478509,-155.9299552,-525.5416591
1317403087.8480060,-155.9679407,-525.4846603
1317403087.9578631,-156.0143529,-525.4178899
1317403088.0578730,-156.0590861,-525.3536675
1317403088.1678200,-156.1113737,-525.2778491
1317403088.2679839,-156.1602636,-525.2056364
1317403088.3679490,-156.2108977,-525.1303692
1317403088.4778340,-156.2726372,-525.0435695
1317403088.5778911,-156.3298944,-524.9632313
1317403088.6778269,-156.3885198,-524.8818725
1317403088.7878211,-156.4522732,-524.7873627
1317403088.8879831,-156.5126760,-524.6967452
1317403088.9878230,-156.5745948,-524.6055705
1317403089.0978041,-156.6416894,-524.5034593
1317403089.1978669,-156.7019479,-524.4090756
1317403089.3078091,-156.7685220,-524.3081404
1317403089.4078870,-156.8283249,-524.2215698
1317403089.5078199,-156.8860251,-524.1393039
1317403089.6178119,-156.9486471,-524.0530405
1317403089.7177761,-157.0013533,-523.9767197
1317403089.8178170,-157.0518245,-523.9046859
1317403089.9278979,-157.1028506,-523.8320514
1317403090.0277460,-157.1472174,-523.7719693
1317403090.1378140,-157.1898802,-523.7121664
1317403090.2377779,-157.2264323,-523.6645853
1317403090.3378110,-157.2567753,-523.6250331
1317403090.4478130,-157.2839628,-523.5884220
1317403090.5477979,-157.2999827,-523.5647665
1317403090.6477909,-157.3101224,-523.5503096
1317403090.7577910,-157.3144236,-523.5449167
1317403090.8579249,-157.3140666,-523.5491608
1317403090.9678280,-157.3176144,-523.5481160
1317403091.0677891,-157.3218873,-523.5439994
1317403091.1677499,-157.3261523,-523.5405930
1317403091.2777879,-157.3285354,-523.5410652
1317403091.3778939,-157.3346516,-523.5410545
1317403091.4777770,-157.3391775,-523.5418556
1317403091.5877531,-157.3428226,-523.5445707
1317403091.6877980,-157.3443940,-523.5468170
1317403091.7877710,-157.3456216,-523.5472456
1317403091.8978140,-157.3469525,-523.5474599
1317403091.9977701,-157.3477499,-523.5493193
1317403092.1077411,-157.3488546,-523.5494280
1317403092.2077630,-157.3500936,-523.5493267
1317403092.3077691,-157.3510371,-523.5504890
1317403092.4179921,-157.3524024,-523.5507664
1317403092.5177529,-157.3541402,-523.5497400
