1317402965.6403520,0.0000000,-0.2732957
1317402965.7403100,0.1270793,-0.0147160
1317402965.8506100,0.1585847,-0.0221540
1317402965.9503620,0.1633421,-0.0255640
1317402966.0503321,0.1767965,-0.0319830
1317402966.1603279,0.2108287,-0.0401410
1317402966.2603400,0.2065184,-0.0381980
1317402966.3704021,0.2428541,-0.0465140
1317402966.4703691,0.2344847,-0.0472790
1317402966.5803270,0.2694777,-0.0524950
1317402966.6803000,0.2562754,-0.0475090
1317402966.7803340,0.2666366,-0.0521480
1317402966.8904450,0.3072989,-0.0607330
1317402966.9903181,0.2917033,-0.0554280
1317402967.1003201,0.3350835,-0.0627000
1317402967.2002859,0.3157220,-0.0583750
1317402967.3002789,0.3300094,-0.0571820
1317402967.4104650,0.3822788,-0.0618070
1317402967.5102830,0.3649495,-0.0557630
1317402967.6203120,0.4220507,-0.0594620
1317402967.7202590,0.4032165,-0.0507820
1317402967.8202910,0.4231409,-0.0471600
1317402967.9304321,0.4894159,-0.0483330
1317402968.0303199,0.4675283,-0.0414500
1317402968.1302819,0.4879868,-0.0396490
1317402968.2403231,0.5631738,-0.0395420
1317402968.3403001,0.5342116,-0.0311430
1317402968.4403241,0.5579419,-0.0269530
1317402968.5503299,0.6397589,-0.0233920
1317402968.6502659,0.6049073,-0.0154380
1317402968.7602870,0.6902955,-0.0127790
1317402968.8604801,0.6509648,-0.0109910
1317402968.9603181,0.6721146,-0.0105920
1317402969.0702479,0.7622299,-0.0110473
1317402969.1702781,0.7142072,-0.0101350
1317402969.2703900,0.7312851,-0.0104750
1317402969.3804190,0.8238402,-0.0111300
1317402969.4802570,0.7619933,-0.0102920
1317402969.5802369,0.7712099,-0.0110380
1317402969.6902730,0.8541165,-0.0129920
1317402969.7902429,0.7812760,-0.0125670
1317402969.9003870,0.8634681,-0.0151640
1317402970.0002520,0.7891998,-0.0141100
1317402970.1002560,0.7942488,-0.0159020
1317402970.2102189,0.8778932,-0.0219540
1317402970.3102300,0.8038655,-0.0246130
1317402970.4104691,0.8074256,-0.0290430
1317402970.5202169,0.8921331,-0.0350080
1317402970.6202779,0.8140232,-0.0330930
1317402970.7302339,0.8982744,-0.0359940
1317402970.8302300,0.8189848,-0.0317630
1317402970.9303391,0.8208715,-0.0314670
1317402971.0402479,0.9044382,-0.0345140
1317402971.1401801,0.8229797,-0.0306720
1317402971.2502899,0.9065770,-0.0327140
1317402971.3504930,0.8249667,-0.0283520
1317402971.4502470,0.8287410,-0.0277240
1317402971.5603261,0.9106584,-0.0291360
1317402971.6602349,0.8224988,-0.0262630
1317402971.7602301,0.8196763,-0.0259810
1317402971.8703511,0.9003118,-0.0291500
1317402971.9702411,0.8172095,-0.0262280
1317402972.0802131,0.8962602,-0.0274060
1317402972.1802461,0.8104509,-0.0238650
1317402972.2802069,0.8075159,-0.0216600
1317402972.3903849,0.8826944,-0.0212470
1317402972.4901690,0.7965834,-0.0153310
1317402972.5902059,0.7895218,-0.0126590
1317402972.7001750,0.8603734,-0.0123920
1317402972.8001909,0.7777024,-0.0116390
1317402972.9102840,0.8572360,-0.0139130
1317402973.0101709,0.7782734,-0.0100460
1317402973.1102171,0.7857527,-0.0085240
1317402973.2201960,0.8778950,-0.0051240
1317402973.3201661,0.8109359,0.0000340
1317402973.4203401,0.8271401,0.0034090
1317402973.5301781,0.9260622,0.0072390
1317402973.6301470,0.8576978,0.0077730
1317402973.7301800,0.8726996,0.0079850
1317402973.8401599,0.9777819,0.0078260
1317402973.9401901,0.9067860,0.0052960
1317402974.0501659,1.0167206,0.0021120
1317402974.1501760,0.9406076,-0.0002620
1317402974.2501910,0.9529443,-0.0010870
1317402974.3604021,1.0635683,-0.0004920
1317402974.4602499,0.9783287,-0.0001780
1317402974.5601530,0.9899217,0.0000020
1317402974.6701560,1.0969069,-0.0000610
1317402974.7702670,1.0029697,-0.0001560
1317402974.8803329,1.1008799,0.0001290
1317402974.9801731,0.9976901,0.0006470
1317402975.0801411,0.9956737,0.0013320
1317402975.1901319,1.0935480,0.0026240
1317402975.2901211,0.9931164,0.0027590
1317402975.3902640,0.9903081,0.0026060
1317402975.5001860,1.0858236,0.0025880
1317402975.6001289,0.9847715,0.0010020
1317402975.7101431,1.0780468,-0.0008060
1317402975.8101380,0.9766658,-0.0032060
1317402975.9102819,0.9723671,-0.0048490
1317402976.0201731,1.0667072,-0.0065980
1317402976.1201050,0.9641072,-0.0060350
1317402976.2301109,1.0568195,-0.0062740
1317402976.3301079,0.9544899,-0.0056900
1317402976.4302030,0.9514913,-0.0055520
1317402976.5400951,1.0409954,-0.0060210
1317402976.6400981,0.9432441,-0.0043110
1317402976.7401710,0.9407908,-0.0037470
1317402976.8501630,1.0331872,-0.0028370
1317402976.9503081,0.9356402,-0.0020020
1317402977.0600951,1.0221449,-0.0019730
1317402977.1600690,0.9239429,-0.0015880
1317402977.2600601,0.9199870,-0.0015020
1317402977.3702941,1.0119948,-0.0008640
1317402977.4700511,0.9144171,0.0002330
1317402977.5700810,0.9145337,0.0007880
1317402977.6800621,1.0034854,0.0011910
1317402977.7800710,0.9111822,0.0012800
1317402977.8902020,0.9969061,0.0009620
1317402977.9900761,0.9042951,0.0017970
1317402978.0901120,0.9025815,0.0022810
1317402978.2000611,0.9889400,0.0039030
1317402978.3001189,0.8981169,0.0055310
1317402978.4002450,0.8965411,0.0086200
1317402978.5101049,0.9852781,0.0100510
1317402978.6100609,0.8921485,0.0109550
1317402978.7200561,0.9814685,0.0134510
1317402978.8200929,0.8889038,0.0130180
1317402978.9204090,0.8868130,0.0123880
1317402979.0300291,0.9739460,0.0142270
1317402979.1300809,0.8835918,0.0129750
1317402979.2300639,0.8806846,0.0129660
1317402979.3400490,0.9656581,0.0131150
1317402979.4400909,0.8775452,0.0130950
1317402979.5501070,0.9654573,0.0138410
1317402979.6501081,0.8763417,0.0127650
1317402979.7500401,0.8725399,0.0104640
1317402979.8602080,0.9586446,0.0080410
1317402979.9601040,0.8713270,0.0049730
1317402980.0600290,0.8719021,0.0036090
1317402980.1699989,0.9582619,0.0043050
1317402980.2701840,0.8692099,0.0049880
1317402980.3801661,0.9564548,0.0066030
1317402980.4800191,0.8689936,0.0056350
1317402980.5800681,0.8670046,0.0060400
1317402980.6900420,0.9518349,0.0066590
1317402980.7900071,0.8638240,0.0063250
1317402980.8902330,0.8616100,0.0067760
1317402981.0000050,0.9467856,0.0077940
1317402981.1000090,0.8623349,0.0067740
1317402981.2100329,0.9490705,0.0078070
1317402981.3100100,0.8652158,0.0072620
1317402981.4100399,0.8619063,0.0064520
1317402981.5200090,0.9486294,0.0068930
1317402981.6200130,0.8618261,0.0067290
1317402981.7300270,0.9487561,0.0076250
1317402981.8300040,0.8618054,0.0078640
1317402981.9300449,0.8615410,0.0077100
1317402982.0400200,0.9470870,0.0072500
1317402982.1400299,0.8610402,0.0067260
1317402982.2400730,0.8618994,0.0059560
1317402982.3500700,0.9466095,0.0051580
1317402982.4500389,0.8609448,0.0046740
1317402982.5600140,0.9460777,0.0049900
1317402982.6599801,0.8610753,0.0056950
1317402982.7600060,0.8604464,0.0051770
1317402982.8701839,0.9449404,0.0053670
1317402982.9699979,0.8572083,0.0040800
1317402983.0699821,0.8558295,0.0035890
1317402983.1799710,0.9413513,0.0021180
1317402983.2800231,0.8558266,0.0009270
1317402983.3902271,0.9408529,0.0013650
1317402983.4899750,0.8533575,0.0013220
1317402983.5899670,0.8503473,0.0008940
1317402983.7000439,0.9295114,0.0012790
1317402983.7999780,0.8426609,-0.0001080
1317402983.9001200,0.8414837,-0.0001020
1317402984.0099521,0.9230506,0.0007360
1317402984.1099670,0.8369776,0.0003790
1317402984.2199240,0.9156724,0.0009830
1317402984.3199520,0.8287885,-0.0001720
1317402984.4201770,0.8236940,0.0003110
1317402984.5299530,0.9023506,0.0003640
1317402984.6299419,0.8137274,0.0002920
1317402984.7399671,0.8888505,0.0018130
1317402984.8399291,0.8079228,0.0016200
1317402984.9399569,0.7999795,0.0034810
1317402985.0499139,0.8805306,0.0023720
1317402985.1499469,0.7927807,0.0035080
1317402985.2500269,0.7889155,0.0047770
1317402985.3600681,0.8610389,0.0065540
1317402985.4599540,0.7769213,0.0080600
1317402985.5599289,0.7758082,0.0094820
1317402985.6699159,0.8480083,0.0127280
1317402985.7700770,0.7677025,0.0131090
1317402985.8800380,0.8381513,0.0151390
1317402985.9800129,0.7591263,0.0134280
1317402986.0799489,0.7503544,0.0131320
1317402986.1899149,0.8212808,0.0142370
1317402986.2898970,0.7386876,0.0120040
1317402986.3900740,0.7360091,0.0129230
1317402986.4998741,0.8088258,0.0142980
1317402986.5998900,0.7356433,0.0118460
1317402986.7098839,0.8004862,0.0117790
1317402986.8099151,0.7219510,0.0088610
1317402986.9100239,0.7205821,0.0065430
1317402987.0199060,0.7926290,0.0036470
1317402987.1198969,0.7261259,0.0002790
1317402987.2298801,0.7958218,-0.0015110
1317402987.3298860,0.7247419,-0.0027880
1317402987.4299071,0.7226110,-0.0027790
1317402987.5399630,0.7910452,-0.0038960
1317402987.6399000,0.7236512,-0.0045040
1317402987.7498901,0.7936689,-0.0055650
1317402987.8500581,0.7203297,-0.0056100
1317402987.9499841,0.7166195,-0.0057150
1317402988.0598741,0.7801235,-0.0055210
1317402988.1599159,0.7080683,-0.0052200
1317402988.2599249,0.7031207,-0.0041100
1317402988.3699739,0.7671059,-0.0028200
1317402988.4698811,0.6909550,-0.0019320
1317402988.5798540,0.7626709,0.0005200
1317402988.6798711,0.6879854,0.0036920
1317402988.7798550,0.6812136,0.0067710
1317402988.8899190,0.7415133,0.0115850
1317402988.9898629,0.6669092,0.0138420
1317402989.0898731,0.6615727,0.0148170
1317402989.1998639,0.7204847,0.0175030
1317402989.2998459,0.6493658,0.0161990
1317402989.3999491,0.6457613,0.0167070
1317402989.5098760,0.7042436,0.0190840
1317402989.6098270,0.6328278,0.0170750
1317402989.7198501,0.6893834,0.0191570
1317402989.8198819,0.6247655,0.0176210
1317402989.9202011,0.6112564,0.0171700
1317402990.0298331,0.6721863,0.0174430
1317402990.1298599,0.6043866,0.0143840
1317402990.2298419,0.6068472,0.0123070
1317402990.3398421,0.6640838,0.0118790
1317402990.4398849,0.5970124,0.0097740
1317402990.5498130,0.6530489,0.0094620
1317402990.6498439,0.5893867,0.0087730
1317402990.7498081,0.5910615,0.0080260
1317402990.8598680,0.6504057,0.0072800
1317402990.9598780,0.5976903,0.0062800
1317402991.0597861,0.5976027,0.0048590
1317402991.1698470,0.6611530,0.0027223
1317402991.2699580,0.5996119,0.0010130
1317402991.3799181,0.6584216,0.0013230
1317402991.4797890,0.5968309,0.0015730
1317402991.5797949,0.6001364,0.0017810
1317402991.6898150,0.6632928,0.0031030
1317402991.7898350,0.6113959,0.0033500
1317402991.8900261,0.6174765,0.0042290
1317402991.9998140,0.6818894,0.0068790
1317402992.0998421,0.6208998,0.0081470
1317402992.2097881,0.6809366,0.0106980
1317402992.3097899,0.6207326,0.0112070
1317402992.4098439,0.6241390,0.0115880
1317402992.5197859,0.6940635,0.0128250
1317402992.6197870,0.6401055,0.0120200
1317402992.7197869,0.6456434,0.0119090
1317402992.8297689,0.7091459,0.0126650
1317402992.9299200,0.6454934,0.0119770
1317402993.0397770,0.7219786,0.0110620
1317402993.1397750,0.6621013,0.0075690
1317402993.2397709,0.6745051,0.0048260
1317402993.3499279,0.7541452,0.0030370
1317402993.4497991,0.6846991,0.0002050
1317402993.5497561,0.6925959,-0.0012740
1317402993.6598511,0.7771124,-0.0009560
1317402993.7597690,0.7176908,-0.0001700
1317402993.8699770,0.7895857,-0.0004110
1317402993.9697771,0.7207548,-0.0009510
1317402994.0697639,0.7214344,-0.0015640
1317402994.1797230,0.7971923,-0.0015590
1317402994.2797141,0.7246635,-0.0020520
1317402994.3899519,0.7953540,-0.0020370
1317402994.4897499,0.7219768,-0.0014760
1317402994.5897341,0.7210058,-0.0011070
1317402994.6997509,0.7933429,-0.0013410
1317402994.7997310,0.7210621,-0.0014170
1317402994.8998721,0.7198977,-0.0009330
1317402995.0097280,0.7917623,-0.0027630
1317402995.1097100,0.7210458,-0.0049130
1317402995.2197919,0.7910656,-0.0073440
1317402995.3197091,0.7190861,-0.0090380
1317402995.4199460,0.7171215,-0.0102570
1317402995.5297110,0.7924477,-0.0120570
1317402995.6297319,0.7192253,-0.0119000
1317402995.7297280,0.7182219,-0.0110010
1317402995.8397131,0.7901409,-0.0091070
1317402995.9398470,0.7146084,-0.0071270
1317402996.0497041,0.7874994,-0.0051740
1317402996.1497250,0.7170484,-0.0023940
1317402996.2497089,0.7258957,-0.0016490
1317402996.3599491,0.7970305,-0.0011910
1317402996.4597371,0.7275837,-0.0006130
1317402996.5597141,0.7303865,0.0004190
1317402996.6697071,0.8060787,0.0020010
1317402996.7698760,0.7352926,0.0014750
1317402996.8799219,0.8124449,0.0019080
1317402996.9797080,0.7432905,0.0031650
1317402997.0796909,0.7455976,0.0043850
1317402997.1896861,0.8253291,0.0057490
1317402997.2897050,0.7497823,0.0054880
1317402997.3897519,0.7555657,0.0045420
1317402997.4997480,0.8344479,0.0046140
1317402997.5996830,0.7610485,0.0044230
1317402997.7096870,0.8390556,0.0049580
1317402997.8097141,0.7665723,0.0046130
1317402997.9098990,0.7655663,0.0040410
1317402998.0196791,0.8471217,0.0045080
1317402998.1196749,0.7709170,0.0047490
1317402998.2197280,0.7691678,0.0048030
1317402998.3296771,0.8402345,0.0050350
1317402998.4297590,0.7607484,0.0045670
1317402998.5396609,0.8370567,0.0047040
1317402998.6396639,0.7626780,0.0043980
1317402998.7396591,0.7584236,0.0048090
1317402998.8498721,0.8301343,0.0046220
1317402998.9496980,0.7530678,0.0040380
1317402999.0496750,0.7570100,0.0031930
1317402999.1596379,0.8373522,0.0034170
1317402999.2596710,0.7637007,0.0030080
1317402999.3598039,0.7665587,0.0023650
1317402999.4696679,0.8443576,0.0020490
1317402999.5696640,0.7675349,0.0021670
1317402999.6796470,0.8404790,0.0032430
1317402999.7797060,0.7647044,0.0043340
1317402999.8796971,0.7654995,0.0044460
1317402999.9896870,0.8405607,0.0048960
1317403000.0896969,0.7626737,0.0043200
1317403000.1896410,0.7669065,0.0042420
1317403000.2996280,0.8481373,0.0041700
1317403000.3998289,0.7750092,0.0034300
1317403000.5095999,0.8527661,0.0031880
1317403000.6096261,0.7777790,0.0023360
1317403000.7096491,0.7812929,0.0019280
1317403000.8196399,0.8585642,0.0020810
1317403000.9199951,0.7753543,0.0012090
1317403001.0196171,0.7727730,0.0005210
1317403001.1296091,0.8514810,0.0007870
1317403001.2296209,0.7793341,0.0000020
1317403001.3396680,0.8602171,0.0004210
1317403001.4396319,0.7809561,0.0016060
1317403001.5396121,0.7816415,0.0011660
1317403001.6496160,0.8671576,0.0018440
1317403001.7496080,0.7870163,0.0017880
1317403001.8497610,0.7858938,0.0011310
1317403001.9596670,0.8638163,0.0011740
1317403002.0596139,0.7853975,0.0012310
1317403002.1695850,0.8625846,0.0018120
1317403002.2697201,0.7851396,0.0021980
1317403002.3697131,0.7827320,0.0038190
1317403002.4796159,0.8639986,0.0044620
1317403002.5795619,0.7842333,0.0047310
1317403002.6795869,0.7832852,0.0045200
1317403002.7895260,0.8609135,0.0045770
1317403002.8897991,0.7838100,0.0054500
1317403002.9995761,0.8637402,0.0090210
1317403003.0995820,0.7851420,0.0096430
1317403003.1995630,0.7850951,0.0112750
1317403003.3095820,0.8612852,0.0156930
1317403003.4096260,0.7854204,0.0150260
1317403003.5095229,0.7847658,0.0152580
1317403003.6196051,0.8652783,0.0162670
1317403003.7195671,0.7853009,0.0124210
1317403003.8195579,0.7836017,0.0101970
1317403003.9297590,0.8636115,0.0077010
1317403004.0295701,0.7852837,0.0022240
1317403004.1395609,0.8677743,-0.0037690
1317403004.2395351,0.7869757,-0.0085020
1317403004.3395939,0.7864399,-0.0108780
1317403004.4495699,0.8646135,-0.0134690
1317403004.5495450,0.7886787,-0.0113190
1317403004.6595299,0.8676381,-0.0125490
1317403004.7595501,0.7863807,-0.0107600
1317403004.8596900,0.7864840,-0.0091760
1317403004.9695849,0.8639264,-0.0110440
1317403005.0695231,0.7914947,-0.0084980
1317403005.1795859,0.8693713,-0.0079210
1317403005.2795539,0.7919429,-0.0057970
1317403005.3796511,0.7952704,-0.0056280
1317403005.4895129,0.8748708,-0.0049530
1317403005.5895510,0.7953374,-0.0033450
1317403005.6895111,0.7944159,-0.0031150
1317403005.7995250,0.8761578,-0.0020650
1317403005.8996320,0.7991420,-0.0015890
1317403006.0095589,0.8832972,-0.0016550
1317403006.1095099,0.8084872,-0.0011190
1317403006.2094820,0.8097509,-0.0000640
1317403006.3195159,0.8986931,0.0010720
1317403006.4196739,0.8220724,0.0018660
1317403006.5195320,0.8229192,0.0037290
1317403006.6295421,0.9126880,0.0050760
1317403006.7295151,0.8312672,0.0041860
1317403006.8394959,0.9210065,0.0042530
1317403006.9396369,0.8347196,0.0046020
1317403007.0395050,0.8391864,0.0049800
1317403007.1496501,0.9269152,0.0064910
1317403007.2496679,0.8462878,0.0073080
1317403007.3496790,0.8510920,0.0087280
1317403007.4596691,0.9396926,0.0086420
1317403007.5594790,0.8611241,0.0078800
1317403007.6594760,0.8680925,0.0079980
1317403007.7696381,0.9589211,0.0087740
1317403007.8696420,0.8679436,0.0088110
1317403007.9795859,0.9533095,0.0097010
1317403008.0794699,0.8582368,0.0088430
1317403008.1795361,0.8622027,0.0080840
1317403008.2894640,0.9518187,0.0090410
1317403008.3896480,0.8702140,0.0079110
1317403008.4894831,0.8784882,0.0091580
1317403008.5994351,0.9724891,0.0100510
1317403008.6994579,0.8870841,0.0089430
1317403008.8094420,0.9787926,0.0085780
1317403008.9094851,0.9462811,0.0079970
1317403009.0094531,0.9667062,0.0074810
1317403009.1194611,1.0666153,0.0061920
1317403009.2194631,0.9499234,0.0053630
1317403009.3194520,0.9441877,0.0051580
1317403009.4294820,1.0434107,0.0068290
1317403009.5294449,0.9416297,0.0050420
1317403009.6393991,1.0409486,0.0056350
1317403009.7395151,0.9429394,0.0050350
1317403009.8394351,0.9466101,0.0055300
1317403009.9496701,1.0270148,0.0057420
1317403010.0494890,0.9403883,0.0053830
1317403010.1494880,0.9332260,0.0054220
1317403010.2594190,1.0285448,0.0061330
1317403010.3596439,0.9293494,0.0057990
1317403010.4694121,1.0226707,0.0072810
1317403010.5694430,0.9265029,0.0059150
1317403010.6694300,0.9242833,0.0055620
1317403010.7794130,1.0156756,0.0048120
1317403010.8795979,0.9186572,0.0055000
1317403010.9794371,0.9202528,0.0050090
1317403011.0894041,1.0059195,0.0059630
1317403011.1893899,0.9138145,0.0066180
1317403011.2994411,1.0017591,0.0050990
1317403011.3993859,0.9115774,0.0057530
1317403011.4993949,0.9126685,0.0044500
1317403011.6093910,1.0033646,0.0039830
1317403011.7093930,0.9104562,0.0039380
1317403011.8094001,0.9104584,0.0027840
1317403011.9197750,0.9989872,0.0030830
1317403012.0194359,0.9064306,0.0017390
1317403012.1294169,0.9941060,0.0008440
1317403012.2293510,0.9048737,-0.0006790
1317403012.3293581,0.9094467,-0.0011280
1317403012.4395421,1.0055644,-0.0017770
1317403012.5394011,0.9169745,-0.0031910
1317403012.6494181,1.0101822,-0.0054260
1317403012.7494240,0.9197908,-0.0062990
1317403012.8495269,0.9221598,-0.0072580
1317403012.9594290,1.0188228,-0.0078840
1317403013.0593810,0.9296287,-0.0081230
1317403013.1593950,0.9315317,-0.0080470
1317403013.2695100,1.0296708,-0.0082490
1317403013.3695331,0.9395259,-0.0084440
1317403013.4793611,1.0355877,-0.0094890
1317403013.5794020,0.9398208,-0.0089550
1317403013.6793809,0.9408692,-0.0076990
1317403013.7893720,1.0391065,-0.0080680
1317403013.8894839,0.9491400,-0.0071150
1317403013.9893479,0.9522693,-0.0066130
1317403014.0993440,1.0499620,-0.0066600
1317403014.1993630,0.9579055,-0.0055140
1317403014.3093431,1.0571579,-0.0058910
1317403014.4093759,0.9649402,-0.0054390
1317403014.5093830,0.9651523,-0.0049780
1317403014.6193521,1.0651764,-0.0049520
1317403014.7193861,0.9722427,-0.0045960
1317403014.8193340,0.9739235,-0.0045020
1317403014.9296110,1.0740362,-0.0043280
1317403015.0292790,0.9774787,-0.0036550
1317403015.1393690,1.0754467,-0.0040550
1317403015.2393420,0.9778906,-0.0034250
1317403015.3393090,0.9780073,-0.0038980
1317403015.4493959,1.0741492,-0.0040990
1317403015.5493550,0.9756651,-0.0037880
1317403015.6493330,0.9758626,-0.0024640
1317403015.7593369,1.0748047,-0.0011840
1317403015.8594871,0.9794418,-0.0003350
1317403015.9693251,1.0759152,-0.0007360
1317403016.0693030,0.9762427,-0.0010390
1317403016.1692951,0.9741029,-0.0007750
1317403016.2792881,1.0728027,-0.0010710
1317403016.3794990,0.9763667,-0.0012440
1317403016.4792809,0.9773620,-0.0012350
1317403016.5892711,1.0758958,-0.0012070
1317403016.6893010,0.9783339,-0.0005790
1317403016.7892809,0.9783081,-0.0005980
1317403016.8994851,1.0749918,-0.0004420
1317403016.9992759,0.9758839,-0.0000550
1317403017.1092949,1.0734064,0.0000620
1317403017.2092640,0.9778344,0.0002160
1317403017.3092849,0.9787723,-0.0001500
1317403017.4194920,1.0752575,-0.0004380
1317403017.5192721,0.9762585,-0.0008040
1317403017.6192379,0.9766221,-0.0006010
1317403017.7292790,1.0747342,-0.0005340
1317403017.8292820,0.9764840,0.0000840
1317403017.9392660,1.0712773,0.0003690
1317403018.0392649,0.9715222,0.0006510
1317403018.1392720,0.9688436,0.0006560
1317403018.2494581,1.0615214,0.0011040
1317403018.3494439,0.9616681,0.0009620
1317403018.4494131,0.9569214,0.0015290
1317403018.5592849,1.0478137,0.0014840
1317403018.6592641,0.9441999,0.0015090
1317403018.7694170,1.0292198,0.0017420
1317403018.8693390,0.9247863,0.0016100
1317403018.9692781,0.9134284,0.0017830
1317403019.0792570,0.9908783,0.0019760
1317403019.1792209,0.8871503,0.0012140
1317403019.2792201,0.8742531,0.0005960
1317403019.3894579,0.9443686,-0.0001600
1317403019.4892681,0.8417285,-0.0006670
1317403019.5992160,0.9061252,-0.0008320
1317403019.6992979,0.8095406,-0.0010570
1317403019.7991779,0.7923537,-0.0011760
1317403019.9094329,0.8559329,-0.0009220
1317403020.0091989,0.7647104,-0.0006500
1317403020.1092100,0.7546609,-0.0005080
1317403020.2192230,0.8176920,-0.0006810
1317403020.3191900,0.7309093,-0.0018830
1317403020.4195039,0.7207388,-0.0033970
1317403020.5292301,0.7793150,-0.0060200
1317403020.6292250,0.6967570,-0.0068180
1317403020.7392340,0.7529772,-0.0072490
1317403020.8392091,0.6792570,-0.0073410
1317403020.9392200,0.6776880,-0.0081150
1317403021.0492630,0.7504843,-0.0106360
1317403021.1492021,0.6876156,-0.0114400
1317403021.2592461,0.7638754,-0.0130140
1317403021.3593521,0.6965717,-0.0109390
1317403021.4592011,0.7009117,-0.0112450
1317403021.5691500,0.7740447,-0.0121020
1317403021.6692190,0.7080166,-0.0105910
1317403021.7693319,0.7094926,-0.0087040
1317403021.8792751,0.7860016,-0.0082040
1317403021.9792311,0.7202611,-0.0062110
1317403022.0891781,0.8005717,-0.0059710
1317403022.1891680,0.7371118,-0.0045020
1317403022.2891841,0.7449644,-0.0036600
1317403022.3992100,0.8263472,-0.0055510
1317403022.4991560,0.7529097,-0.0058330
1317403022.5991800,0.7579912,-0.0058070
1317403022.7091839,0.8388025,-0.0071000
1317403022.8092029,0.7682800,-0.0057970
1317403022.9194429,0.8487389,-0.0064760
1317403023.0191939,0.7699048,-0.0062640
1317403023.1191480,0.7635589,-0.0051920
1317403023.2291689,0.8344642,-0.0066340
1317403023.3291500,0.7551482,-0.0062290
1317403023.4291811,0.7505234,-0.0066260
1317403023.5392361,0.8179505,-0.0092040
1317403023.6391270,0.7374467,-0.0095190
1317403023.7491951,0.8023445,-0.0113640
1317403023.8492551,0.7223825,-0.0105410
1317403023.9492180,0.7117101,-0.0102570
1317403024.0591359,0.7700261,-0.0112690
1317403024.1591570,0.6926284,-0.0107770
1317403024.2592530,0.6888387,-0.0128080
1317403024.3693700,0.7590564,-0.0161710
1317403024.4691510,0.6891379,-0.0168190
1317403024.5791590,0.7534126,-0.0208150
1317403024.6791351,0.6850437,-0.0203793
1317403024.7790630,0.6895141,-0.0209370
1317403024.8893270,0.7659497,-0.0224100
1317403024.9891560,0.7042872,-0.0199490
1317403025.0991769,0.7811369,-0.0209090
1317403025.1991060,0.7176257,-0.0175830
1317403025.2991090,0.7222555,-0.0148800
1317403025.4091721,0.7963408,-0.0137060
1317403025.5091150,0.7271930,-0.0095450
1317403025.6091139,0.7323761,-0.0080170
1317403025.7191110,0.8102970,-0.0084730
1317403025.8191550,0.7393311,-0.0075260
1317403025.9293101,0.8105163,-0.0077190
1317403026.0291021,0.7302030,-0.0075500
1317403026.1290920,0.7309395,-0.0067750
1317403026.2391150,0.8103820,-0.0044310
1317403026.3391240,0.7473022,-0.0040590
1317403026.4391351,0.7554542,-0.0014360
1317403026.5492129,0.8273045,0.0017380
1317403026.6491740,0.7406285,0.0024690
1317403026.7590840,0.8064296,0.0035190
1317403026.8591421,0.7308468,0.0056840
1317403026.9591839,0.7334279,0.0043030
1317403027.0690839,0.8042049,0.0029310
1317403027.1691041,0.7191811,0.0022180
1317403027.2692280,0.7068050,0.0024560
1317403027.3792000,0.7646789,0.0035910
1317403027.4790871,0.6892332,0.0025530
1317403027.5890961,0.7523699,0.0028970
1317403027.6891050,0.6755233,0.0005480
1317403027.7890680,0.6647636,-0.0005810
1317403027.8991179,0.7200715,-0.0008340
1317403027.9990730,0.6450298,-0.0017440
1317403028.0991001,0.6395782,-0.0058690
1317403028.2090671,0.6987860,-0.0132570
1317403028.3091099,0.6295273,-0.0161310
1317403028.4192650,0.6826412,-0.0196960
1317403028.5190721,0.6042700,-0.0180620
1317403028.6190851,0.5808191,-0.0172000
1317403028.7290411,0.6191889,-0.0185610
1317403028.8290410,0.5410837,-0.0170760
1317403028.9391849,0.5744096,-0.0190260
1317403029.0390301,0.4994106,-0.0185140
1317403029.1390271,0.4774520,-0.0184870
1317403029.2490990,0.4957858,-0.0178910
1317403029.3492630,0.4240929,-0.0155240
1317403029.4491811,0.4013032,-0.0144380
1317403029.5590379,0.4145787,-0.0138720
1317403029.6590650,0.3618527,-0.0104760
1317403029.7691700,0.3798148,-0.0102980
1317403029.8691161,0.3276607,-0.0082720
1317403029.9690349,0.3118884,-0.0062860
1317403030.0790579,0.3230302,-0.0055850
1317403030.1790080,0.2763611,-0.0049090
1317403030.2790051,0.2571187,-0.0048810
1317403030.3892181,0.2625768,-0.0038620
1317403030.4890051,0.2176598,-0.0029770
1317403030.5989981,0.2147867,-0.0024080
1317403030.6990490,0.1723791,-0.0018890
1317403030.7990570,0.1552960,-0.0008800
1317403030.9091361,0.1627951,0.0001640
1317403031.0090020,0.1458850,0.0014800
1317403031.1089890,0.1460210,0.0022350
1317403031.2190621,0.1623179,0.0044940
1317403031.3189881,0.1439428,0.0052160
1317403031.4191871,0.1422609,0.0039780
1317403031.5290229,0.1550705,0.0040170
1317403031.6289821,0.1403754,0.0044660
1317403031.7389779,0.1586800,0.0056440
1317403031.8389850,0.1546172,0.0057320
1317403031.9391000,0.1677133,0.0062100
1317403032.0490079,0.2042110,0.0070680
1317403032.1491301,0.2007980,0.0086840
1317403032.2489660,0.2114031,0.0087860
1317403032.3591421,0.2451455,0.0100510
1317403032.4590189,0.2328445,0.0108380
1317403032.5689650,0.2646685,0.0124260
1317403032.6689420,0.2481773,0.0146330
1317403032.7691591,0.2539148,0.0157250
1317403032.8790171,0.2863077,0.0187280
1317403032.9789970,0.2681040,0.0200740
1317403033.0789361,0.2786512,0.0211330
1317403033.1889710,0.3207896,0.0231770
1317403033.2889619,0.3037047,0.0222470
1317403033.3890600,0.3140697,0.0221250
1317403033.4990129,0.3566637,0.0273160
1317403033.5989771,0.3375043,0.0247070
1317403033.7089930,0.3854677,0.0270150
1317403033.8089361,0.3647562,0.0252920
1317403033.9090569,0.3789944,0.0254550
1317403034.0189459,0.4344972,0.0278990
1317403034.1189649,0.4112188,0.0249520
1317403034.2189839,0.4271210,0.0237200
1317403034.3289280,0.4932544,0.0238603
1317403034.4289761,0.4667372,0.0201590
1317403034.5390050,0.5345233,0.0207360
1317403034.6389410,0.5037642,0.0179320
1317403034.7389221,0.5217835,0.0176430
1317403034.8489900,0.5903093,0.0196370
1317403034.9490061,0.5460956,0.0182950
1317403035.0489571,0.5647993,0.0183460
1317403035.1589050,0.6384422,0.0188730
1317403035.2589281,0.5982369,0.0157340
1317403035.3690140,0.6759579,0.0156420
1317403035.4689031,0.6391202,0.0124920
1317403035.5689690,0.6566853,0.0108650
1317403035.6788859,0.7410075,0.0093770
1317403035.7789569,0.6872805,0.0069100
1317403035.8789599,0.7022007,0.0052500
1317403035.9888990,0.7881013,0.0044400
1317403036.0888939,0.7321381,0.0033020
1317403036.1988709,0.8206319,0.0031530
1317403036.2988920,0.7612805,0.0028180
1317403036.3990121,0.7755847,0.0028070
1317403036.5088830,0.8683393,0.0028860
1317403036.6088850,0.8034088,0.0027520
1317403036.7088799,0.8135004,0.0025570
1317403036.8188970,0.9063422,0.0025690
1317403036.9192481,0.8336134,0.0018460
1317403037.0288770,0.9282765,0.0022070
1317403037.1288769,0.8551322,0.0015170
1317403037.2288520,0.8672072,0.0012020
1317403037.3389039,0.9662014,0.0002320
1317403037.4388981,0.8897581,0.0005900
1317403037.5388949,0.9019818,0.0000450
1317403037.6489871,1.0039520,0.0008640
1317403037.7490139,0.9243077,0.0004640
1317403037.8590441,1.0275758,0.0009690
1317403037.9589019,0.9449803,0.0005910
1317403038.0589240,0.9556925,0.0008730
1317403038.1688421,1.0649797,0.0009690
1317403038.2690001,0.9793928,0.0008610
1317403038.3691139,0.9886686,0.0006630
1317403038.4788530,1.0996672,0.0010470
1317403038.5788269,1.0104938,0.0004290
1317403038.6888499,1.1141864,-0.0003140
1317403038.7888300,1.0090624,-0.0008490
1317403038.8889380,1.0219381,-0.0020430
1317403038.9988539,1.1300616,-0.0043260
1317403039.0988431,1.0378397,-0.0069520
1317403039.2088070,1.1459370,-0.0106980
1317403039.3088641,1.0455072,-0.0125830
1317403039.4088831,1.0436128,-0.0144840
1317403039.5188401,1.1505378,-0.0173530
1317403039.6188800,1.0529888,-0.0164230
1317403039.7187850,1.0515915,-0.0171800
1317403039.8288381,1.1640929,-0.0195760
1317403039.9288480,1.0571393,-0.0186550
1317403040.0388410,1.1720768,-0.0219430
1317403040.1387939,1.0682937,-0.0210200
1317403040.2388370,1.0715770,-0.0224700
1317403040.3490269,1.1776395,-0.0263340
1317403040.4490430,1.0719852,-0.0252680
1317403040.5587831,1.1793840,-0.0288303
1317403040.6588099,1.0703551,-0.0283830
1317403040.7588770,1.0702700,-0.0301260
1317403040.8688610,1.1773709,-0.0324900
1317403040.9688399,1.0734450,-0.0285560
1317403041.0787849,1.1811471,-0.0299970
1317403041.1788449,1.0759083,-0.0256730
1317403041.2787840,1.0768883,-0.0236480
1317403041.3890231,1.1945748,-0.0243240
1317403041.4888010,1.0889788,-0.0215560
1317403041.5887880,1.0885968,-0.0216090
1317403041.6987741,1.2009007,-0.0225130
1317403041.7988141,1.0947315,-0.0177140
1317403041.8990071,1.0949699,-0.0134070
1317403042.0087931,1.2150717,-0.0099260
1317403042.1087880,1.1043958,-0.0061760
1317403042.2187929,1.2168537,-0.0046390
1317403042.3187900,1.1054437,-0.0033630
1317403042.4189460,1.1131194,-0.0032120
1317403042.5287910,1.2290948,-0.0038360
1317403042.6287820,1.1285991,-0.0033810
1317403042.7287519,1.1358030,-0.0029620
1317403042.8387380,1.2610485,-0.0028120
1317403042.9387929,1.1549331,-0.0019430
1317403043.0387759,1.1611789,-0.0013600
1317403043.1489489,1.2848533,-0.0006870
1317403043.2488530,1.1755112,-0.0000380
1317403043.3589749,1.3028075,0.0003470
1317403043.4588530,1.1911607,0.0001040
1317403043.5587449,1.1986865,-0.0001650
1317403043.6687670,1.3261141,-0.0005880
1317403043.7688880,1.2149525,-0.0019970
1317403043.8687789,1.2221855,-0.0026980
1317403043.9787829,1.3516171,-0.0022780
1317403044.0787449,1.2365151,-0.0022860
1317403044.1887281,1.3694776,-0.0031580
1317403044.2887499,1.2519692,-0.0034330
1317403044.3888290,1.2592102,-0.0033640
1317403044.4987531,1.4149892,-0.0036490
1317403044.5987091,1.2933500,-0.0029330
1317403044.6987109,1.3038989,-0.0027630
1317403044.8087051,1.4342289,-0.0028920
1317403044.9089429,1.3160772,-0.0023940
1317403045.0087271,1.3183385,-0.0024550
1317403045.1187229,1.4583585,-0.0029200
1317403045.2187200,1.3293524,-0.0029810
1317403045.3287129,1.4716704,-0.0037960
1317403045.4287541,1.3439727,-0.0039330
1317403045.5287180,1.3510111,-0.0037270
1317403045.6387129,1.4953805,-0.0039770
1317403045.7387600,1.3658204,-0.0025970
1317403045.8386941,1.3744726,-0.0022430
1317403045.9488001,1.5182223,-0.0020920
1317403046.0487139,1.3884137,-0.0014830
1317403046.1586699,1.5344523,-0.0013370
1317403046.2587061,1.4029371,-0.0013290
1317403046.3588500,1.4098236,-0.0011780
1317403046.4686821,1.5576408,-0.0010900
1317403046.5686829,1.4224937,-0.0009940
1317403046.6686730,1.4285858,-0.0010900
1317403046.7786670,1.5789997,-0.0011370
1317403046.8787539,1.4488776,-0.0011170
1317403046.9886940,1.5884616,-0.0008990
1317403047.0886669,1.4439080,-0.0002780
1317403047.1886539,1.4456263,0.0000030
1317403047.2987189,1.5942239,-0.0003170
1317403047.3986750,1.4530017,0.0001240
1317403047.4986820,1.4582111,0.0003260
1317403047.6086950,1.6053586,0.0006120
1317403047.7086861,1.4591490,0.0006950
1317403047.8086550,1.4605724,0.0015390
1317403047.9190490,1.6079983,0.0024100
1317403048.0187261,1.4604763,0.0019370
1317403048.1286609,1.6058012,0.0013140
1317403048.2286670,1.4588546,0.0006180
1317403048.3286510,1.4587833,0.0009570
1317403048.4386790,1.6048107,0.0008600
1317403048.5386579,1.4574725,0.0008600
1317403048.6386440,1.4555884,0.0007660
1317403048.7487340,1.5957055,0.0007260
1317403048.8487561,1.4499629,0.0001940
1317403048.9586599,1.5949894,0.0008430
1317403049.0586510,1.4475452,0.0006310
1317403049.1586320,1.4477540,0.0007260
1317403049.2687981,1.5927098,0.0004950
1317403049.3687320,1.4475786,0.0003440
1317403049.4686670,1.4458682,0.0010550
1317403049.5786870,1.5891119,0.0013510
1317403049.6786480,1.4471695,0.0009730
1317403049.7886479,1.5907482,0.0010690
1317403049.8887870,1.4463570,0.0007220
1317403049.9886250,1.4429054,0.0002320
1317403050.0986371,1.5871987,-0.0005170
1317403050.1986001,1.4409906,0.0000780
1317403050.2986569,1.4398078,0.0001490
1317403050.4086680,1.5808125,0.0012230
1317403050.5086200,1.4307097,0.0015790
1317403050.6086099,1.4229400,0.0014520
1317403050.7185860,1.5571107,0.0010000
1317403050.8185890,1.4068617,0.0015400
1317403050.9287021,1.5371417,0.0011300
1317403051.0286379,1.3857002,0.0002910
1317403051.1285930,1.3811239,0.0001630
1317403051.2385800,1.5117822,0.0001320
1317403051.3386040,1.3660796,-0.0007010
1317403051.4386001,1.3574197,-0.0008970
1317403051.5485971,1.4776898,-0.0008190
1317403051.6486001,1.3277175,-0.0004930
1317403051.7485750,1.3047848,-0.0006300
1317403051.8588531,1.4140827,-0.0008240
1317403051.9586220,1.2559446,-0.0007700
1317403052.0685680,1.3549369,-0.0005190
1317403052.1685691,1.2044935,-0.0006540
1317403052.2687280,1.1816366,-0.0003020
1317403052.3787200,1.2680353,0.0006150
1317403052.4785910,1.1189682,0.0013770
1317403052.5786200,1.0893493,0.0016160
1317403052.6885819,1.1601702,0.0021590
1317403052.7885439,1.0217381,0.0024000
1317403052.8987570,1.0816385,0.0023900
1317403052.9985650,0.9477828,0.0011160
1317403053.0985370,0.9071648,0.0004080
1317403053.2085590,0.9543306,0.0006860
1317403053.3085370,0.8302938,0.0001670
1317403053.4085751,0.7873581,0.0002680
1317403053.5185361,0.8223984,-0.0027990
1317403053.6185520,0.7112127,-0.0083970
1317403053.7285161,0.7454326,-0.0171100
1317403053.8285301,0.6425318,-0.0223930
1317403053.9286070,0.6158040,-0.0274490
1317403054.0385330,0.6585516,-0.0350090
1317403054.1385510,0.5928357,-0.0372810
1317403054.2485440,0.6417597,-0.0476400
1317403054.3487210,0.5765471,-0.0480290
1317403054.4485309,0.5677583,-0.0505490
1317403054.5585141,0.6177764,-0.0588920
1317403054.6585219,0.5494992,-0.0573820
1317403054.7686810,0.5948707,-0.0666180
1317403054.8686211,0.5300314,-0.0626850
1317403054.9786201,0.5723506,-0.0699220
1317403055.0785120,0.5066217,-0.0629340
1317403055.1785080,0.5053335,-0.0622150
1317403055.2885010,0.5547793,-0.0692890
1317403055.3887141,0.5062027,-0.0623850
1317403055.4985020,0.5570250,-0.0688000
1317403055.5985010,0.5101709,-0.0623360
1317403055.6985500,0.5147731,-0.0623060
1317403055.8085320,0.5731894,-0.0695190
1317403055.9086950,0.5297858,-0.0643710
1317403056.0185139,0.5893456,-0.0700280
1317403056.1184630,0.5449625,-0.0627490
1317403056.2184761,0.5563335,-0.0639130
1317403056.3284650,0.6201804,-0.0713360
1317403056.4285131,0.5748281,-0.0654630
1317403056.5385740,0.6402304,-0.0722510
1317403056.6384821,0.5937054,-0.0657890
1317403056.7385249,0.6091409,-0.0633800
1317403056.8485410,0.6809875,-0.0669030
1317403056.9485779,0.6359244,-0.0577000
1317403057.0484719,0.6487990,-0.0530420
1317403057.1584971,0.7293659,-0.0532090
1317403057.2585249,0.6745648,-0.0430930
1317403057.3586569,0.6848357,-0.0366320
1317403057.4684970,0.7695063,-0.0335070
1317403057.5684540,0.7090542,-0.0254610
1317403057.6684670,0.7234487,-0.0220130
1317403057.7784550,0.8026024,-0.0219380
1317403057.8785169,0.7383310,-0.0192460
1317403057.9884441,0.8351841,-0.0212360
1317403058.0884509,0.7687044,-0.0204950
1317403058.1884730,0.7696664,-0.0205530
1317403058.2984469,0.8553421,-0.0240090
1317403058.3986599,0.7885216,-0.0229990
1317403058.4984319,0.7942606,-0.0243790
1317403058.6084421,0.8750304,-0.0276880
1317403058.7084291,0.8002294,-0.0259520
1317403058.8184900,0.8818720,-0.0290570
1317403058.9186270,0.8075935,-0.0264990
1317403059.0184469,0.8197508,-0.0246830
1317403059.1283989,0.9024804,-0.0234670
1317403059.2284141,0.8232734,-0.0170220
1317403059.3284380,0.8273266,-0.0117680
1317403059.4384689,0.9283289,-0.0079400
1317403059.5384669,0.8511237,-0.0031010
1317403059.6384590,0.8580026,-0.0011440
1317403059.7484190,0.9510643,0.0009360
1317403059.8486609,0.8696508,0.0025360
1317403059.9584229,0.9685921,0.0046050
1317403060.0584140,0.8867107,0.0058270
1317403060.1584730,0.9008570,0.0054090
1317403060.2685399,0.9948929,0.0064630
1317403060.3685770,0.9144242,0.0037880
1317403060.4684680,0.9199414,0.0021870
1317403060.5783780,1.0202959,-0.0002510
1317403060.6783881,0.9422445,0.0005810
1317403060.7884080,1.0462035,0.0006440
1317403060.8886340,0.9642252,0.0014220
1317403060.9883890,0.9700436,0.0012430
1317403061.0984380,1.0743360,0.0028960
1317403061.1983850,0.9799867,0.0029220
1317403061.2983961,0.9777188,0.0035750
1317403061.4084189,1.0740063,0.0042880
1317403061.5083859,0.9744797,0.0040480
1317403061.6083591,0.9778670,0.0048600
1317403061.7183831,1.0744541,0.0046010
1317403061.8183839,0.9671422,0.0031570
1317403061.9284430,1.0625038,0.0022710
1317403062.0283799,0.9605113,0.0014990
1317403062.1283791,0.9511169,0.0018380
1317403062.2383759,1.0406833,0.0011860
1317403062.3383651,0.9316437,0.0006330
1317403062.4384110,0.9338395,-0.0007230
1317403062.5483439,1.0223090,0.0005570
1317403062.6483531,0.9242247,0.0007390
1317403062.7583499,1.0074904,0.0008700
1317403062.8586540,0.9036474,0.0015890
1317403062.9583950,0.8924752,0.0024950
1317403063.0683360,0.9706916,0.0031600
1317403063.1683669,0.8780763,0.0023820
1317403063.2684820,0.8636253,0.0024900
1317403063.3784990,0.9358903,0.0034800
1317403063.4783270,0.8361705,0.0026110
1317403063.5883479,0.9001052,0.0026960
1317403063.6883380,0.8046869,0.0016590
1317403063.7883241,0.7835702,0.0008430
1317403063.8986001,0.8377551,0.0007450
1317403063.9983110,0.7382392,0.0013070
1317403064.0983801,0.7159287,0.0013680
1317403064.2083340,0.7587823,0.0025560
1317403064.3083329,0.6657457,0.0017650
1317403064.4185359,0.7024167,0.0019100
1317403064.5182970,0.6096723,0.0020730
1317403064.6183050,0.5824080,0.0018510
1317403064.7283199,0.6063874,0.0019060
1317403064.8282809,0.5149322,0.0013530
1317403064.9285100,0.4850144,0.0009220
1317403065.0383430,0.4985503,0.0012540
1317403065.1383159,0.4216261,0.0002270
1317403065.2482719,0.4320392,-0.0001270
1317403065.3484769,0.3593868,0.0016490
1317403065.4483359,0.3337880,0.0018080
1317403065.5582919,0.3352781,-0.0000720
1317403065.6584251,0.2792661,0.0009880
1317403065.7583020,0.2535673,0.0020880
1317403065.8683701,0.2589625,0.0002360
1317403065.9683261,0.2148985,-0.0001150
1317403066.0682800,0.2117355,0.0012560
1317403066.1782639,0.2255102,0.0009070
1317403066.2782781,0.2012080,-0.0007370
1317403066.3885131,0.2204110,0.0004570
1317403066.4882860,0.2001623,0.0004620
1317403066.5882559,0.1961949,-0.0001890
1317403066.6982620,0.2151521,-0.0001540
1317403066.7982559,0.1970855,0.0002690
1317403066.8985040,0.1951477,0.0002940
1317403067.0082691,0.2165810,0.0001230
1317403067.1082571,0.1901303,0.0001220
1317403067.2183330,0.2054121,0.0004960
1317403067.3182740,0.1781442,0.0000490
1317403067.4184260,0.1759227,-0.0000940
1317403067.5282471,0.1930018,0.0003020
1317403067.6282830,0.1706615,0.0002890
1317403067.7282641,0.1657263,-0.0001520
1317403067.8382699,0.1734669,-0.0000220
1317403067.9383690,0.1493651,-0.0000150
1317403068.0482831,0.1565796,0.0000410
1317403068.1482329,0.1390578,0.0002270
1317403068.2482231,0.1364231,0.0000710
1317403068.3584120,0.1510066,-0.0001910
1317403068.4582829,0.1341975,-0.0003640
1317403068.5582390,0.1396327,0.0003350
1317403068.6682420,0.1509451,0.0000440
1317403068.7683790,0.1307257,-0.0002130
1317403068.8684881,0.1264591,0.0001810
1317403068.9782300,0.1385199,0.0002320
1317403069.0782521,0.1265422,-0.0000270
1317403069.1882541,0.1428495,0.0002650
1317403069.2882769,0.1355869,0.0003500
1317403069.3882971,0.1456559,0.0003170
1317403069.4982610,0.1710055,0.0010830
1317403069.5982120,0.1732998,0.0012950
1317403069.6982350,0.1974754,0.0016630
1317403069.8082061,0.2471656,0.0030780
1317403069.9084101,0.2517692,0.0040000
1317403070.0182209,0.3073028,0.0057360
1317403070.1181979,0.3082732,0.0056860
1317403070.2182651,0.3337332,0.0065170
1317403070.3282189,0.3955274,0.0092490
1317403070.4282570,0.3803294,0.0091790
1317403070.5281940,0.4104257,0.0093900
1317403070.6381869,0.4701317,0.0106670
1317403070.7381980,0.4512113,0.0098960
1317403070.8382120,0.4698071,0.0106390
1317403070.9481990,0.5424894,0.0109160
1317403071.0482011,0.5175837,0.0092470
1317403071.1582141,0.5911590,0.0098410
1317403071.2581539,0.5532802,0.0088970
1317403071.3582520,0.5725401,0.0068420
1317403071.4681940,0.6526295,0.0060180
1317403071.5681579,0.6073134,0.0050330
1317403071.6781621,0.6937875,0.0020250
1317403071.7782371,0.6474178,0.0016050
1317403071.8783400,0.6658950,0.0028470
1317403071.9881549,0.7522012,0.0019080
1317403072.0881720,0.7035843,0.0010870
1317403072.1881721,0.7170714,0.0029220
1317403072.2981610,0.8090774,0.0017850
1317403072.3983560,0.7527639,0.0019130
1317403072.5081880,0.8478423,0.0020770
1317403072.6081450,0.7865158,0.0006550
1317403072.7081490,0.7992630,0.0011580
1317403072.8181469,0.8966604,0.0024680
1317403072.9184661,0.8309844,0.0025590
1317403073.0181749,0.8482293,0.0028390
1317403073.1281180,0.9468292,0.0045120
1317403073.2281301,0.8712427,0.0050450
1317403073.3281400,0.8807735,0.0055200
1317403073.4381590,0.9741475,0.0061550
1317403073.5381501,0.8877580,0.0046010
1317403073.6481640,0.9756847,0.0044250
1317403073.7481220,0.8857016,0.0025790
1317403073.8482471,0.8841342,0.0016480
1317403073.9581561,0.9756958,-0.0008620
1317403074.0581820,0.8863775,-0.0007570
1317403074.1581190,0.8853138,-0.0022190
1317403074.2682500,0.9748680,-0.0018650
1317403074.3683250,0.8950029,-0.0019310
1317403074.4782701,0.9880411,-0.0028720
1317403074.5781000,0.9021247,-0.0024790
1317403074.6780961,0.9027085,-0.0024440
1317403074.7881000,0.9974977,-0.0027010
1317403074.8881819,0.9093010,-0.0029570
1317403074.9881160,0.9128701,-0.0025210
1317403075.0980849,1.0081732,-0.0028960
1317403075.1981540,0.9159290,-0.0022920
1317403075.3081069,1.0120089,-0.0025240
1317403075.4081440,0.9230248,-0.0012690
1317403075.5081151,0.9240582,-0.0006380
1317403075.6181459,1.0226179,-0.0002700
1317403075.7180669,0.9329145,0.0000420
1317403075.8181331,0.9345820,0.0002840
1317403075.9283161,1.0333440,0.0012600
1317403076.0281091,0.9410392,0.0014630
1317403076.1380661,1.0380982,0.0015870
1317403076.2380810,0.9440232,0.0014310
1317403076.3381710,0.9417855,0.0017930
1317403076.4481189,1.0328340,0.0024190
1317403076.5481241,0.9380969,0.0021930
1317403076.6480839,0.9347698,0.0023070
1317403076.7581210,1.0281688,0.0025700
1317403076.8581419,0.9319978,0.0017190
1317403076.9581060,0.9289561,0.0024660
1317403077.0680759,1.0182086,0.0022360
1317403077.1681001,0.9199866,0.0025060
1317403077.2780900,1.0070505,0.0019940
1317403077.3782270,0.9104220,0.0020570
1317403077.4780819,0.9067998,0.0020680
1317403077.5880821,0.9933239,0.0018770
1317403077.6880901,0.9022508,0.0006350
1317403077.7880490,0.8964319,0.0001630
1317403077.8981681,0.9775476,-0.0012030
1317403077.9980409,0.8863966,-0.0013750
1317403078.1080489,0.9711274,-0.0025630
1317403078.2080350,0.8781633,-0.0025710
1317403078.3080599,0.8700316,-0.0018860
1317403078.4182010,0.9445092,-0.0021950
1317403078.5180421,0.8496982,-0.0018040
1317403078.6180890,0.8385127,-0.0021730
1317403078.7280481,0.9077213,-0.0026450
1317403078.8280389,0.8055406,-0.0019640
1317403078.9380879,0.8605282,-0.0022210
1317403079.0380480,0.7641430,-0.0012130
1317403079.1380150,0.7445067,-0.0016320
1317403079.2480249,0.7936823,-0.0008940
1317403079.3481600,0.6919816,-0.0007920
1317403079.4480550,0.6646365,-0.0006290
1317403079.5580249,0.6968793,-0.0001610
1317403079.6580341,0.6059890,0.0007260
1317403079.7580230,0.5837762,-0.0003710
1317403079.8681901,0.6148550,-0.0002170
1317403079.9680591,0.5353127,0.0010460
1317403080.0780089,0.5670924,0.0001390
1317403080.1780679,0.5024891,-0.0004670
1317403080.2780089,0.4897254,0.0000480
1317403080.3881619,0.5256591,-0.0002250
1317403080.4879839,0.4661088,0.0000300
1317403080.5880091,0.4586475,-0.0007570
1317403080.6980081,0.4913302,-0.0002310
1317403080.7979989,0.4361242,-0.0008330
1317403080.9081221,0.4700696,-0.0005040
1317403081.0079739,0.4181079,-0.0010040
1317403081.1079609,0.4090214,-0.0003630
1317403081.2179689,0.4405572,-0.0001060
1317403081.3179891,0.3875759,-0.0001190
1317403081.4181831,0.3745851,-0.0001780
1317403081.5279760,0.3956696,0.0009470
1317403081.6279709,0.3449107,0.0002860
1317403081.7380061,0.3700526,0.0004870
1317403081.8379531,0.3229215,0.0007730
1317403081.9380200,0.3133969,0.0012250
1317403082.0479541,0.3312141,0.0016890
1317403082.1480150,0.2932319,0.0029160
1317403082.2479401,0.2825536,0.0038490
1317403082.3581071,0.2959533,0.0025380
1317403082.4580750,0.2547691,0.0024580
1317403082.5679619,0.2614774,0.0031680
1317403082.6679809,0.2206008,0.0024900
1317403082.7680769,0.2107374,0.0023680
1317403082.8780439,0.2165331,0.0026170
1317403082.9779470,0.1882655,0.0015780
1317403083.0779531,0.1748253,0.0002600
1317403083.1879680,0.1816114,-0.0002080
1317403083.2879710,0.1547129,-0.0005640
1317403083.3880861,0.1453425,-0.0006620
1317403083.4979689,0.1511834,-0.0007900
1317403083.5979359,0.1273827,0.0004450
1317403083.7079589,0.1318163,0.0012520
1317403083.8079140,0.1116775,0.0002510
1317403083.9080589,0.1023782,0.0002680
1317403084.0179591,0.1064475,0.0005020
1317403084.1179450,0.0917889,0.0005290
1317403084.2179351,0.0880646,0.0004790
1317403084.3279350,0.0898166,0.0004210
1317403084.4279470,0.0740442,0.0003460
1317403084.5378990,0.0765604,0.0006480
1317403084.6379089,0.0671316,0.0004070
1317403084.7379789,0.0605625,0.0003990
1317403084.8480201,0.0613702,0.0003730
1317403084.9479730,0.0533988,0.0002700
1317403085.0479131,0.0505656,0.0003340
1317403085.1580350,0.0504657,0.0002940
1317403085.2579019,0.0420862,0.0002890
1317403085.3681159,0.0406205,0.0002880
1317403085.4679041,0.0340825,0.0001610
1317403085.5679171,0.0294519,0.0001450
1317403085.6778901,0.0274863,0.0001230
1317403085.7778959,0.0200790,0.0001830
1317403085.8779559,0.0166076,0.0001650
1317403085.9878981,0.0151903,0.0000760
1317403086.0878730,0.0122211,-0.0000100
1317403086.1978979,0.0132433,0.0001400
1317403086.2979190,0.0120514,0.0001970
1317403086.3980739,0.0203375,0.0000800
1317403086.5078590,0.0223381,0.0001230
1317403086.6078570,0.0294461,0.0000500
1317403086.7078531,0.0303914,0.0000970
1317403086.8178520,0.0362549,0.0002150
1317403086.9182611,0.0319242,-0.0001380
1317403087.0179169,0.0326183,-0.0000490
1317403087.1278410,0.0414845,0.0001360
1317403087.2278521,0.0414779,0.0000080
1317403087.3378561,0.0507771,-0.0002310
1317403087.4378829,0.0491325,-0.0000600
1317403087.5378671,0.0554230,0.0001590
1317403087.6478570,0.0646820,0.0000600
1317403087.7478509,0.0659095,0.0002450
1317403087.8480060,0.0684965,0.0003100
1317403087.9578631,0.0813165,-0.0000330
1317403088.0578730,0.0782660,-0.0001860
1317403088.1678200,0.0921001,0.0000380
1317403088.2679839,0.0872060,0.0002410
1317403088.3679490,0.0907137,0.0001140
1317403088.4778340,0.1065174,-0.0000350
1317403088.5778911,0.0986540,0.0001620
1317403088.6778269,0.1002806,-0.0000360
1317403088.7878211,0.1140026,0.0001360
1317403088.8879831,0.1089038,-0.0000720
1317403088.9878230,0.1102123,-0.0004190
1317403089.0978041,0.1221818,0.0001550
1317403089.1978669,0.1119793,0.0001410
1317403089.3078091,0.1209133,-0.0005900
1317403089.4078870,0.1052182,-0.0000070
1317403089.5078199,0.1004837,0.0002740
1317403089.6178119,0.1065968,-0.0002900
1317403089.7177761,0.0927513,0.0001970
1317403089.8178170,0.0879557,0.0007470
1317403089.9278979,0.0887661,0.0004920
1317403090.0277460,0.0746879,0.0002960
1317403090.1378140,0.0734609,0.0007450
1317403090.2377779,0.0600002,0.0003130
1317403090.3378110,0.0498506,0.0000460
1317403090.4478130,0.0456019,0.0007580
1317403090.5477979,0.0285696,0.0000320
1317403090.6477909,0.0176583,0.0000100
1317403090.7577910,0.0068981,0.0002850
1317403090.8579249,0.0042591,-0.0001480
1317403090.9678280,0.0036984,0.0000050
1317403091.0677891,0.0059333,0.0000060
1317403091.1677499,0.0054584,-0.0000640
1317403091.2777879,0.0024295,0.0001600
1317403091.3778939,0.0061162,0.0000150
1317403091.4777770,0.0045963,-0.0000770
1317403091.5877531,0.0045452,0.0001510
1317403091.6877980,0.0027414,-0.0000780
1317403091.7877710,0.0013003,-0.0000260
1317403091.8978140,0.0013481,0.0001710
1317403091.9977701,0.0020232,-0.0000770
1317403092.1077411,0.0011101,0.0000790
1317403092.2077630,0.0012431,0.0000240
1317403092.3077691,0.0014970,-0.0000920
1317403092.4179921,0.0013932,0.0000490
1317403092.5177529,0.0020183,-0.0000540
